TDC     30    70.570    -3.956   -59.979    -5.160    20.116
TDC     31    20.099    -8.420   -87.418    -2.179    10.641
TDC     32    19.062   -12.772   -71.676    -5.729     0.000
TDC     34   109.489   -13.017   -89.707    -3.847     0.548
TDC     49   123.491   -10.222  -112.423   -19.227    33.078
TDC     50    75.305   -13.293   -72.411    -3.903     5.734
TDC     53    39.358    -7.661   -82.106    -4.615    42.601
TDC     67    74.137    -4.533   -59.313    -9.055    77.370
TDC     91    68.711    -8.291   -55.176    -2.027     5.056
TDC     92    29.352    -8.551   -90.716    -7.607    12.531
TDC     93    86.464    -6.523   -77.205    -7.306    47.036
TDC     94   126.077   -16.238   -83.638    -4.906    48.361
TDC     96    97.084   -14.940   -90.744    -3.489     4.148
TDC    242    70.850    -3.935   -52.293   -15.075    54.401
TDC    244    36.556    -6.786   -49.219    -4.111    41.075
TDC    245    68.039    -4.659   -63.145    -1.222     6.532
TDC    246    94.222    -7.065  -135.665   -13.091    16.446
TDC    247    93.113   -15.118   -80.958    -6.123     0.000
TDC    264    95.640   -14.596   -92.098    -1.907     0.000
TDC    266    75.723    -7.445   -67.527    -3.357     0.495
TDC    267    87.484   -10.292   -74.511   -11.326    47.792
TDC    268    65.381    -3.896   -48.720   -12.313    78.218
TDC    270    72.634    -4.688   -70.424    -3.117    33.169
TDC    272    75.190   -10.810   -71.839    -7.417    74.396
TDC    311    29.624    -7.693   -92.756    -2.786    16.376
TDC    312   116.961   -15.908   -86.715    -3.285     9.760
TDC    313    82.875    -7.240  -140.123     6.383     9.539
TDC    442   139.524    -8.312   -68.859   -68.894    96.801
TDC    443  -184.328    -8.844   108.453   -80.976   179.317
TDC    444   105.390    -8.562   -94.652    -1.366    20.784
TDC    445    74.524    -5.951   -71.260    -0.511     2.312
TDC    446    60.861   -13.108   -66.809    -0.595     0.000
TDC    447    99.607    -7.327  -182.453    22.654    51.159
TDC    448    18.795    -4.481   -86.501    -7.667   100.185
TDC    449   105.947   -14.539   -97.806    -1.129     0.991
TDC    450  -183.307    -9.616    94.090   -61.941    27.090
TDC    451    71.540    -2.738   -70.896    -5.583    81.386
TDC    491   119.131   -12.580   -84.896    -8.315    95.738
TDC    492   114.891   -17.884   -88.103    -4.010    13.131
TDC    502  -193.536    -6.370   100.299   -61.451    87.116
TDC    504    66.670    -9.462   -74.615     0.734     7.577
TDC    506    17.738    -5.283   -72.893   -14.991   116.832
TDC    518    38.498    -4.830   -58.990     1.723    33.496
TDC    521    47.393    -8.664   -48.946    -0.170     0.000
TDC    522     9.056   -10.025   -73.635    -2.157    35.005
TDC    525   137.386    -9.618   -88.730   -40.680     0.265
TDC    526   131.428   -13.340  -108.603   -30.138    15.884
TDC    527    88.792    -9.756   -73.494    -3.701     4.513
TDC    528    50.993    -9.075   -52.923    -0.058     1.624
TDC    529    71.293    -7.965   -64.557     0.707     0.398
TDC    530    82.451    -7.736  -157.376    16.848     2.972
TDC    531    75.959    -3.646   -70.628    -4.346    50.971
TDC    532    17.521    -6.102   -91.489    -0.514    74.410
TDC     30    65.888    -4.080   -60.746    -4.909    18.507
TDC     31    18.316    -8.404   -82.347    -5.917    34.219
TDC     32    16.006    -9.224   -79.160    -2.988     3.349
TDC     34   108.797   -13.059   -87.709    -4.065    10.624
TDC     49   121.907    -7.359   -78.800   -46.576    38.421
TDC     50    74.243   -12.882   -73.404    -3.692     5.741
TDC     53    31.906    -8.708   -77.901    -8.373    46.111
TDC     67    63.381    -1.640   -71.437    -0.241    71.418
TDC     91    67.558    -6.347   -59.866    -3.822    16.292
TDC     92    29.504    -9.182   -88.281    -4.655     3.867
TDC     93    84.565    -6.624   -66.361    -9.590    33.712
TDC     94   118.934   -15.448   -78.139    -5.305    40.057
TDC     96    95.201   -13.852   -87.212    -4.972     3.011
TDC    242    74.251    -5.537   -58.188    -8.811    33.291
TDC    244    47.561    -5.071   -52.716    -4.712    66.328
TDC    245    65.666    -6.242   -52.269    -6.288    12.031
TDC    246   101.130    -7.886  -142.012   -10.675    21.644
TDC    247    88.229   -15.514   -81.560    -6.036     0.495
TDC    264    95.796   -14.526   -94.220    -1.637     2.123
TDC    266    68.375    -8.100   -61.557    -2.757     5.883
TDC    267    85.546   -11.462   -73.481   -10.584    56.573
TDC    268    76.620    -3.386   -59.648   -13.472   108.318
TDC    270    87.671    -6.625   -82.329    -4.707    13.482
TDC    272    73.041   -10.556   -70.517    -8.563   103.915
TDC    311    31.292    -9.878  -103.966     1.355    15.343
TDC    312   116.202   -15.495   -83.277    -4.155    13.722
TDC    313    81.853    -8.628  -140.190    -0.217    16.077
TDC    442   143.723    -8.690   -53.577   -85.436   109.551
TDC    443  -185.768    -6.390   109.940   -90.807   204.532
TDC    444   106.347    -8.616   -89.224    -6.309    35.695
TDC    445    75.160    -4.873   -71.732    -1.318     2.389
TDC    446    65.080   -12.392   -68.342    -0.324     0.000
TDC    447   103.379    -6.157  -187.290    26.311    40.029
TDC    448    19.017    -5.338   -86.261    -5.927    83.802
TDC    449   101.261   -15.336   -93.677    -2.874     5.298
TDC    450  -196.057    -9.476   112.340   -75.884    56.405
TDC    451    74.414    -3.518   -75.224    -3.352    58.811
TDC    491   122.626   -14.117   -87.008    -6.147    85.558
TDC    492   112.070   -20.108   -81.016    -3.261    18.133
TDC    502  -201.600    -8.685    69.809   -28.404    71.534
TDC    504    66.892   -10.721   -74.068    -0.172    -0.000
TDC    506    30.807    -5.115   -77.719   -12.800   122.084
TDC    518    34.211    -4.348   -59.471     1.886    40.192
TDC    521    38.628    -8.734   -48.037     0.383     0.907
TDC    522    10.223    -9.916   -75.830    -1.958    26.027
TDC    525   144.081   -13.100   -83.715   -55.036     0.664
TDC    526   126.842   -12.125  -109.256   -28.710     8.971
TDC    527    88.111    -9.368   -72.074    -5.231    10.068
TDC    528    47.667    -9.289   -52.375    -0.933     0.000
TDC    529    70.694    -8.942   -67.718    -0.293     0.165
TDC    530    80.392    -9.317  -146.119     7.328    11.348
TDC    531    69.356    -3.996   -63.643    -5.910    26.461
TDC    532    12.414    -4.560   -75.574   -11.719   117.601
TDC     30    73.400    -4.552   -69.217    -2.879     4.358
TDC     31     8.959    -8.769   -69.197    -4.574    28.856
TDC     32    19.203    -7.965   -81.591    -5.316     5.764
TDC     34   113.260   -11.766   -89.080    -4.440    14.001
TDC     49   118.850   -10.940   -89.186   -37.341    36.274
TDC     50    75.272   -13.766   -74.577    -4.084    12.374
TDC     53    32.057    -8.217   -80.341    -5.960    47.367
TDC     67    66.075    -4.278   -66.090    -2.568    85.136
TDC     91    68.058    -6.332   -60.765    -2.764    23.426
TDC     92    29.362    -9.049   -93.050    -3.639     7.769
TDC     93    71.887    -7.108   -62.126    -7.291    42.904
TDC     94   119.892   -16.447   -74.555    -9.338    45.733
TDC     96    89.076   -14.511   -84.654    -5.519     7.115
TDC    242    80.560    -4.174   -71.950    -6.823    60.459
TDC    244    39.409    -5.832   -45.514    -8.175    64.585
TDC    245    65.030    -6.781   -59.233    -0.374     4.103
TDC    246    95.432    -6.217  -139.750   -15.333    26.082
TDC    247    85.701   -15.922   -82.777    -5.744     0.950
TDC    264    97.759   -16.130   -98.163     0.322     0.566
TDC    266    60.760    -8.900   -57.063    -3.542     4.667
TDC    267    90.646    -9.075   -79.331    -6.520    59.191
TDC    268    71.172    -5.017   -66.171    -6.385    65.095
TDC    270    85.270    -3.969   -84.829    -2.728    27.722
TDC    272    80.357   -13.367   -65.027    -9.540    41.325
TDC    311    33.240    -9.247   -98.730    -0.233    20.968
TDC    312   117.084   -15.556   -83.395    -2.749    23.926
TDC    313    80.434    -5.881  -136.209    -0.768    21.894
TDC    442   142.125    -6.580   -71.822   -69.105   101.467
TDC    443  -182.824    -8.111   112.061   -90.346   162.937
TDC    444   108.657   -11.443   -86.293    -8.751    11.871
TDC    445    73.196    -5.279   -72.635    -0.189     1.062
TDC    446    61.042   -11.932   -70.607    -1.475     0.000
TDC    447   102.158    -6.802  -197.016    34.348     9.800
TDC    448    13.162    -7.747   -79.005    -5.452    85.428
TDC    449   101.341   -15.003   -97.222    -0.947     4.387
TDC    450  -197.396   -12.495    98.918   -66.530    34.090
TDC    451    71.271    -3.407   -75.374    -2.528    61.321
TDC    491   117.962   -14.313   -90.223    -4.089    76.666
TDC    492   111.890   -18.445   -82.655    -1.921    20.143
TDC    502  -200.170   -10.378   102.618   -60.012   102.523
TDC    504    67.985    -9.355   -75.162    -0.947     8.751
TDC    506    23.561    -6.143   -73.724   -14.468   105.889
TDC    518    32.028    -5.521   -56.463     2.703    29.842
TDC    521    41.109   -10.479   -47.249    -0.131     0.929
TDC    522     6.511    -9.954   -73.913    -2.820    32.105
TDC    525   145.340   -13.575   -75.388   -55.317     5.177
TDC    526   132.239   -11.603  -119.434   -21.876     7.698
TDC    527    87.626   -10.045   -71.507    -5.712     8.110
TDC    528    55.292    -7.642   -58.202     1.562     2.936
TDC    529    66.983    -8.326   -67.999     0.885     1.195
TDC    530    85.616    -5.920  -152.705     7.863    19.304
TDC    531    69.698    -3.624   -64.716    -7.563    53.264
TDC    532    27.804    -5.255   -98.457    -5.174   100.973
TDC     30    71.336    -4.129   -66.778    -3.164     9.229
TDC     31     8.417    -7.330   -71.769    -4.894    47.444
TDC     32    21.693    -6.870   -87.668    -2.070     5.719
TDC     34   108.425   -11.853   -92.641    -1.689     8.256
TDC     49   122.620   -11.579   -99.868   -31.385    22.635
TDC     50    76.531   -11.803   -72.752    -4.756    32.192
TDC     53    37.205    -7.757   -78.315    -6.255    85.985
TDC     67    70.141    -3.067   -67.702    -3.743    75.749
TDC     91    73.932    -6.656   -63.056    -3.483    15.873
TDC     92    31.151   -10.270   -96.018    -1.144     3.769
TDC     93    82.988    -7.657   -75.862    -4.828    20.146
TDC     94   119.505   -15.088   -79.401    -6.594    47.438
TDC     96    90.380   -14.507   -86.724    -6.011     5.284
TDC    242    80.757    -5.650   -67.977    -6.839    56.941
TDC    244    41.454    -6.038   -49.756    -6.468    56.683
TDC    245    66.512    -7.430   -60.112    -1.162     7.467
TDC    246    97.415    -6.372  -141.095   -13.382    26.775
TDC    247    83.573   -13.713   -84.847    -4.303     0.000
TDC    264    93.963   -15.743   -94.167     1.131     0.133
TDC    266    59.641    -7.524   -57.880    -2.939     4.932
TDC    267    82.480   -10.938   -82.169    -6.400    38.951
TDC    268    77.119    -4.263   -65.984    -8.401    88.217
TDC    270    88.121    -5.441   -87.278    -4.605    25.219
TDC    272    78.176   -13.176   -65.992    -8.921    41.228
TDC    311    42.188   -10.079  -107.761    -3.060    14.954
TDC    312   122.599   -17.504   -89.855    -0.827    11.381
TDC    313    78.291    -8.693  -132.843     3.211    19.398
TDC    442   144.934    -8.106   -58.741   -77.269    95.951
TDC    443  -190.059    -8.014   124.200   -95.380   167.971
TDC    444   104.426   -11.067   -95.926     0.416    19.450
TDC    445    75.120    -5.261   -68.616    -2.866     3.459
TDC    446    64.043   -12.666   -70.502    -1.371     0.000
TDC    447   102.634    -8.087  -177.418    15.967    50.234
TDC    448    19.632    -8.142   -72.932   -12.853    64.217
TDC    449   105.601   -15.289   -95.215    -2.909     6.524
TDC    450  -190.344   -12.448   108.152   -77.622    45.172
TDC    451    74.460    -3.647   -76.580    -1.024    50.422
TDC    491   115.646   -15.665   -87.883    -5.727    83.124
TDC    492   112.159   -18.184   -81.561    -3.594    12.986
TDC    502  -199.531    -9.092   108.205   -67.894   101.993
TDC    504    70.169    -9.865   -70.552    -0.565    10.874
TDC    506    20.110    -5.308   -79.230   -11.714   133.231
TDC    518    36.252    -4.725   -60.832     2.423    44.019
TDC    521    46.422   -11.176   -49.023    -0.313     0.000
TDC    522     9.993    -8.351   -73.945    -4.761    37.345
TDC    525   137.165   -13.170   -66.001   -65.253     1.781
TDC    526   127.745   -12.218  -106.881   -32.882    21.921
TDC    527    85.470   -10.310   -72.009    -5.593     1.869
TDC    528    46.888    -7.921   -52.641    -1.843     1.651
TDC    529    69.558    -8.842   -69.863     0.948     0.000
TDC    530    82.937    -8.837  -152.706    14.021     3.303
TDC    531    70.747    -2.963   -65.810    -4.468    38.304
TDC    532    23.229    -4.740   -94.245    -6.434   107.856
TDC     30    68.283    -4.865   -65.603    -2.920     5.609
TDC     31    10.379    -8.172   -74.367    -6.911    51.507
TDC     32    23.393   -10.173   -80.018    -5.498     6.985
TDC     34   107.853   -11.627   -92.080    -1.583    17.811
TDC     49   125.341   -10.643  -108.322   -20.463    14.168
TDC     50    74.259   -12.169   -76.027    -3.093    36.876
TDC     53    28.574    -8.246   -73.389    -7.043    85.927
TDC     67    65.929    -3.634   -68.921    -1.405    78.014
TDC     91    67.138    -7.095   -60.450    -3.359    30.116
TDC     92    29.237    -8.919   -98.567     0.230     0.000
TDC     93    86.497    -6.478   -74.308    -5.247    20.851
TDC     94   119.461   -15.599   -79.173    -5.105    58.718
TDC     96    94.368   -14.178   -87.258    -5.052     3.936
TDC    242    72.343    -4.512   -61.875    -8.046    48.824
TDC    244    43.331    -4.138   -58.094    -2.045    53.856
TDC    245    66.871    -5.965   -58.756    -3.460    17.079
TDC    246    94.850    -6.566  -136.429   -19.500    27.967
TDC    247    83.506   -14.944   -78.224    -6.956     0.661
TDC    264    93.086   -16.000   -94.348    -1.509     0.000
TDC    266    58.242    -6.462   -57.455    -2.252     0.661
TDC    267    86.252   -11.135   -79.502    -8.041    54.766
TDC    268    73.972    -4.066   -60.602   -11.423    88.622
TDC    270    86.850    -6.124   -82.341    -4.077    33.225
TDC    272    75.909   -11.211   -68.802    -8.992    72.091
TDC    311    38.826   -10.058  -102.414    -2.483    20.979
TDC    312   118.557   -15.892   -82.758    -3.101    27.496
TDC    313    75.134    -7.856  -116.543   -12.763    47.538
TDC    442   142.115    -9.955   -69.005   -69.336    81.499
TDC    443  -184.862    -8.987   107.440   -85.113   154.448
TDC    444   107.907    -8.963   -91.701    -5.928    37.469
TDC    445    71.242    -6.635   -70.211    -0.636     0.423
TDC    446    62.902   -11.402   -70.452    -1.715     0.000
TDC    447   100.936    -7.628  -165.938     8.002    38.053
TDC    448    13.991    -6.458   -83.650    -5.797    56.751
TDC    449   109.989   -15.446   -96.112    -2.250     9.389
TDC    450  -190.506   -11.623    98.574   -68.517    59.333
TDC    451    73.071    -2.432   -78.477    -1.986    51.869
TDC    491   115.996   -15.112   -91.120    -4.104    54.893
TDC    492   112.168   -18.126   -79.789    -2.752    12.737
TDC    502  -201.714    -8.118   114.162   -72.808   102.702
TDC    504    61.466    -8.204   -74.197    -0.015    11.863
TDC    506    20.789    -4.303   -79.835    -9.859   137.158
TDC    518    34.204    -5.570   -53.868    -0.663    58.874
TDC    521    43.224    -9.696   -50.448    -0.393     0.398
TDC    522    10.463    -8.530   -70.018    -8.437    54.922
TDC    525   141.063   -12.457   -85.101   -51.520    12.910
TDC    526   132.787   -12.293  -124.557   -17.804    16.473
TDC    527    85.221   -10.607   -73.700    -4.477     5.718
TDC    528    43.798    -8.787   -49.744     0.089     0.661
TDC    529    69.015    -7.986   -71.261     1.635     0.000
TDC    530    87.053    -8.730  -152.044    10.580     9.323
TDC    531    71.200    -3.107   -63.942    -5.659    30.169
TDC    532    16.954    -4.441   -86.426    -5.629   107.771
TDC     30    71.040    -4.398   -68.082    -2.167     7.449
TDC     31    11.584    -6.588   -75.451    -2.915    36.991
TDC     32    22.909    -8.276   -81.722    -3.765     6.242
TDC     34   107.418   -12.155   -88.515    -3.676    14.626
TDC     49   127.367   -12.380   -72.909   -52.514    29.158
TDC     50    77.125   -13.129   -76.324    -5.440    20.913
TDC     53    34.980    -8.739   -77.457    -5.764    76.031
TDC     67    64.705    -3.601   -66.158    -4.732    90.266
TDC     91    68.453    -6.949   -58.307    -4.277    24.603
TDC     92    30.058    -9.420   -87.665    -1.769     3.364
TDC     93    78.077    -5.059   -63.331    -8.847    19.873
TDC     94   128.873   -14.352   -77.111    -7.891    69.576
TDC     96    93.695   -14.082   -85.277    -5.911     3.011
TDC    242    82.525    -5.159   -66.021   -12.163    37.858
TDC    244    41.301    -6.569   -51.877    -4.443    37.294
TDC    245    57.896    -6.194   -53.666    -3.770    19.911
TDC    246    95.542    -7.335  -138.921   -12.029    19.907
TDC    247    88.649   -11.986   -83.718    -6.401     0.000
TDC    264    91.481   -15.255   -89.635    -2.669     1.460
TDC    266    75.114    -8.146   -63.288    -3.515     1.091
TDC    267    86.591    -8.494   -73.523   -11.756    98.611
TDC    268    71.968    -4.164   -66.387    -4.484    63.613
TDC    270    85.081    -4.952   -81.616    -5.630    13.140
TDC    272    79.771   -11.290   -69.265    -9.523    76.206
TDC    311    34.605    -9.876   -98.976    -0.857    12.671
TDC    312   116.874   -14.766   -81.550    -4.872    23.018
TDC    313    78.073    -7.472  -136.302    -1.303    17.898
TDC    442   139.340    -8.418   -82.061   -59.188    86.638
TDC    443  -188.346    -7.945   104.466   -84.172   154.859
TDC    444   101.769   -12.553   -86.165    -4.971    15.256
TDC    445    72.345    -4.985   -69.912    -1.346     0.133
TDC    446    68.549   -11.433   -70.406     0.167     0.133
TDC    447   100.698    -7.377  -167.523    11.290    34.150
TDC    448    16.024    -6.807   -79.060    -8.636    76.802
TDC    449   105.228   -15.302   -92.901    -3.760     3.645
TDC    450  -189.462   -11.601   102.854   -65.925    47.946
TDC    451    72.846    -2.797   -73.422    -4.195    63.152
TDC    491   118.187   -14.298   -89.784    -5.658   107.243
TDC    492   113.220   -17.457   -82.097    -3.515    16.791
TDC    502  -202.588    -8.136   103.352   -61.271   127.524
TDC    504    60.502    -9.628   -68.821    -2.775     8.794
TDC    506    23.399    -6.105   -79.514   -11.142   122.701
TDC    518    40.514    -6.399   -58.615     1.519    49.892
TDC    521    42.940   -10.344   -46.565     0.645     1.040
TDC    522     6.224   -10.215   -64.152    -8.947    26.197
TDC    525   139.052   -12.771   -73.767   -58.310     5.265
TDC    526   133.463   -12.064  -130.699   -14.963     0.929
TDC    527    94.251    -9.721   -72.371    -5.707    12.320
TDC    528    48.680    -8.232   -50.399    -0.412     1.824
TDC    529    66.206    -8.380   -66.676     0.238     0.000
TDC    530    81.820    -8.649  -153.054    11.329     3.971
TDC    531    70.439    -3.531   -66.453    -4.072    22.907
TDC    532    11.793    -4.780   -81.127    -6.283    81.168
TDC     30    70.074    -5.710   -63.360    -2.367     0.133
TDC     31     4.321    -7.184   -68.150    -6.420    31.278
TDC     32    17.518    -9.014   -77.783    -5.183     6.301
TDC     34   108.965   -10.249   -91.447    -2.606    17.544
TDC     49   124.998   -10.992   -74.323   -54.398    47.449
TDC     50    70.978   -12.994   -71.544    -5.122    32.508
TDC     53    32.620    -8.514   -76.279    -6.031    78.195
TDC     67    72.792    -3.333   -72.724    -0.665    71.249
TDC     91    69.240    -5.870   -62.438    -3.939    24.832
TDC     92    32.408    -8.581   -90.169    -3.112     6.234
TDC     93    66.024    -5.686   -52.164    -8.750    33.574
TDC     94   116.484   -13.770   -78.344    -6.513    54.907
TDC     96    86.892   -12.512   -85.613    -4.831     3.633
TDC    242    83.352    -3.660   -76.226    -4.556    53.649
TDC    244    45.327    -3.471   -55.212    -5.138    82.581
TDC    245    66.210    -5.463   -58.705    -4.961    24.900
TDC    246    99.902    -7.070  -129.004   -26.549    27.682
TDC    247    89.002   -14.318   -86.946    -5.194     0.000
TDC    264    98.317   -13.551   -98.119     0.192     0.531
TDC    266    67.113    -7.431   -62.364    -2.691     0.000
TDC    267    87.689    -9.834   -78.392    -7.368    76.384
TDC    268    76.325    -2.608   -71.467    -3.300    42.600
TDC    270    89.176    -3.537   -85.876    -4.517    24.436
TDC    272    72.650    -9.688   -71.081    -7.881    78.822
TDC    311    35.240    -9.670  -105.365     1.969     2.584
TDC    312   117.641   -15.656   -85.727    -2.007    22.664
TDC    313    87.622    -7.513  -128.874   -13.518    26.174
TDC    442   142.183   -10.265   -76.050   -64.727    67.078
TDC    443  -185.434    -8.643    96.430   -74.532   115.889
TDC    444   100.458   -10.523   -88.509    -7.402    45.474
TDC    445    72.236    -5.594   -70.447    -0.255     0.133
TDC    446    58.753   -11.820   -69.630    -0.079     0.000
TDC    447   105.153    -8.281  -178.571    17.454    36.407
TDC    448    31.699    -6.432   -90.450    -9.309    82.338
TDC    449    99.018   -13.723   -92.019    -3.481     6.039
TDC    450  -187.278    -9.713    90.087   -58.714    30.340
TDC    451    75.668    -2.892   -75.486    -4.083    53.488
TDC    491   121.720   -14.338   -88.956    -4.726    77.079
TDC    492   114.932   -18.026   -82.278    -4.038    17.440
TDC    502  -196.965    -9.551   103.665   -61.669   110.666
TDC    504    67.213   -10.817   -70.067    -3.710    10.518
TDC    506    29.370    -4.882   -84.511   -10.138   105.680
TDC    518    37.414    -6.212   -53.561     0.889    43.238
TDC    521    38.380    -9.144   -46.433     0.601     1.340
TDC    522     6.421    -9.625   -65.993    -6.673    23.805
TDC    525   144.388   -12.861   -88.141   -49.213     2.124
TDC    526   132.429   -13.342  -142.356    -5.785     4.394
TDC    527    91.080   -11.645   -74.234    -4.193     2.102
TDC    528    47.702    -7.051   -55.705     0.683     0.000
TDC    529    70.053    -6.934   -68.195     1.093     0.000
TDC    530    87.272    -7.658  -162.317    13.485     7.431
TDC    531    73.401    -3.140   -69.436    -3.168    31.532
TDC    532    16.763    -2.486   -95.096    -1.828    86.000
TDC     30    69.202    -5.064   -66.615    -1.591     2.425
TDC     31    19.069    -8.378   -82.720    -6.537    20.432
TDC     32    22.568    -8.092   -79.937    -4.774     7.949
TDC     34   108.684   -10.859   -89.709    -3.997    20.800
TDC     49   122.401   -11.174   -74.122   -52.606    38.819
TDC     50    72.092   -15.608   -72.017    -5.548    18.796
TDC     53    30.990    -8.431   -74.833    -7.494    71.088
TDC     67    65.874    -3.030   -73.055    -0.666    91.841
TDC     91    68.038    -6.234   -63.449    -3.154    20.013
TDC     92    31.751    -9.153   -91.620    -2.249     4.384
TDC     93    81.474    -6.780   -63.296    -9.648    36.673
TDC     94   121.866   -14.683   -77.862    -6.567    56.137
TDC     96    96.705   -13.542   -84.737    -5.316     4.459
TDC    242    85.849    -2.900   -78.153    -5.037    65.624
TDC    244    41.384    -4.193   -51.320    -5.057    76.274
TDC    245    66.280    -6.687   -57.872    -2.543    10.947
TDC    246    96.991    -6.989  -136.713   -16.830    21.247
TDC    247    89.444   -12.394   -87.637    -5.741     0.000
TDC    264    91.263   -15.005   -89.258    -1.314    -0.000
TDC    266    58.534    -8.009   -61.697    -1.088     0.000
TDC    267    84.278   -11.275   -76.005    -8.170    70.333
TDC    268    75.876    -4.371   -69.336    -4.925    38.587
TDC    270    73.992    -6.186   -70.967    -2.744    17.211
TDC    272    78.409   -13.790   -70.054    -8.527    47.625
TDC    311    35.008   -11.334   -99.699    -1.570     7.853
TDC    312   116.241   -14.297   -86.730    -2.517    23.330
TDC    313    79.141    -8.088  -125.070   -12.760    32.130
TDC    442   146.694    -8.829   -70.182   -70.361    76.805
TDC    443  -184.184    -7.693   105.147   -86.334   191.352
TDC    444   106.522   -11.021   -97.036    -1.949    27.752
TDC    445    71.950    -3.262   -73.035    -0.440     0.189
TDC    446    67.509   -11.106   -72.053    -0.366     0.000
TDC    447   105.293    -7.546  -175.810    18.260    47.289
TDC    448    32.430    -4.755   -94.633    -8.644    73.951
TDC    449   107.730   -16.626   -95.428    -3.347     4.498
TDC    450  -196.742   -11.818   105.782   -65.294    42.075
TDC    451    71.881    -2.918   -75.868    -3.224    55.138
TDC    491   116.348   -14.424   -89.447    -4.318    89.555
TDC    492   110.017   -17.494   -79.975    -2.342    15.220
TDC    502  -191.664    -7.544    57.452   -24.205    51.231
TDC    504    62.885   -10.645   -72.130    -3.218     4.687
TDC    506    34.790    -5.006   -91.088   -10.642   131.551
TDC    518    37.968    -7.114   -48.616    -3.030    49.842
TDC    521    44.031   -10.029   -50.186    -0.191     0.265
TDC    522    10.117    -8.598   -68.939    -8.762    15.213
TDC    525   141.093   -13.888   -85.396   -44.711     3.053
TDC    526   131.726   -11.462  -136.708    -7.296     3.982
TDC    527    87.089   -10.213   -72.251    -3.574     7.278
TDC    528    45.040   -10.042   -52.560    -0.727     0.000
TDC    529    67.853    -7.655   -68.325    -0.267     0.000
TDC    530    88.857    -6.574  -157.542    11.390     5.257
TDC    531    72.104    -2.961   -65.867    -5.380    34.439
TDC    532    12.552    -4.422   -90.079    -3.729    85.433
TDC     30    68.895    -4.499   -64.090    -2.872     1.896
TDC     31    15.895    -9.359   -81.653    -5.341    22.029
TDC     32    17.483    -9.663   -78.694    -3.612     7.005
TDC     34   112.911   -11.879   -92.805    -3.653    23.388
TDC     49   122.281   -10.587   -69.748   -57.307    53.319
TDC     50    73.526   -15.490   -69.955    -6.678    25.120
TDC     53    32.053    -8.173   -69.565   -13.442    79.469
TDC     67    71.219    -0.606   -72.266    -0.660    78.455
TDC     91    70.737    -7.270   -60.924    -4.431    26.308
TDC     92    31.486    -9.704   -85.821    -5.527     0.469
TDC     93    81.357    -6.805   -69.126    -6.939    30.159
TDC     94   117.860   -15.540   -78.746    -5.525    64.591
TDC     96    95.020   -15.971   -83.846    -5.242     4.128
TDC    242    85.712    -5.520   -71.761    -6.727    59.211
TDC    244    43.744    -5.392   -54.476    -3.934    68.180
TDC    245    65.115    -6.701   -53.075    -2.417     5.177
TDC    246   101.019    -7.532  -136.614   -16.514    26.747
TDC    247    89.776   -14.946   -82.678    -6.314     0.000
TDC    264    89.399   -15.958   -94.106    -0.048     2.787
TDC    266    73.041    -7.730   -64.526    -0.751     0.000
TDC    267    83.657   -10.956   -75.782    -8.624    59.721
TDC    268    75.724    -4.482   -69.530    -5.781    38.564
TDC    270    85.562    -5.825   -73.445    -9.423    30.702
TDC    272    79.122   -12.816   -67.395    -8.665    59.981
TDC    311    34.441   -10.217  -102.869    -0.806     7.850
TDC    312   114.134   -13.879   -83.806    -2.044    35.939
TDC    313    81.730    -5.194  -127.894   -12.174    34.259
TDC    442   138.127    -9.452   -54.299   -83.937   103.063
TDC    443  -177.243    -7.972   114.162   -93.176   197.011
TDC    444   105.900   -10.605   -90.369    -6.203    40.487
TDC    445    75.063    -5.485   -72.163    -1.169     0.000
TDC    446    65.499   -12.433   -68.695    -1.002     0.000
TDC    447    98.514    -7.817  -172.529    15.439    39.969
TDC    448    34.352    -6.070   -82.496   -15.698    58.629
TDC    449   102.910   -16.079   -93.846    -2.939     8.357
TDC    450  -192.900   -11.540   100.728   -65.956    47.017
TDC    451    76.627    -3.701   -79.081    -1.072    54.263
TDC    491   112.615   -12.777   -85.537    -6.636    82.931
TDC    492   106.546   -18.211   -80.543    -3.267    17.786
TDC    502  -193.803    -9.118    66.379   -31.802    69.407
TDC    504    67.347    -9.154   -72.355    -3.038     9.582
TDC    506    37.729    -3.580   -97.986    -8.719   125.106
TDC    518    33.285    -7.140   -55.838     0.944    34.728
TDC    521    46.757   -10.043   -48.830     0.169     0.265
TDC    522     7.739    -9.618   -67.426    -7.289    28.350
TDC    525   140.569   -13.122   -81.393   -52.782     5.741
TDC    526   131.279    -9.235  -142.651    -8.604     5.878
TDC    527    91.116   -11.975   -70.581    -5.628     5.951
TDC    528    52.647   -11.006   -55.039    -0.537     0.165
TDC    529    72.569    -8.887   -70.025     0.837     0.000
TDC    530    86.959   -10.669  -141.920     3.397     7.403
TDC    531    70.837    -3.877   -61.820    -7.581    26.363
TDC    532    18.167    -4.815   -86.311    -5.269    91.217
TDC     30    70.977    -5.268   -66.202    -2.249     1.040
TDC     31     8.375    -8.089   -70.544    -6.195    49.579
TDC     32    22.695    -7.779   -82.650    -2.870     8.500
TDC     34   104.620   -13.046   -91.467    -1.462    24.642
TDC     49   120.054   -10.894   -72.965   -54.643    50.056
TDC     50    73.207   -13.940   -73.954    -5.484    28.226
TDC     53    39.403    -6.776   -77.362   -10.222    63.675
TDC     67    64.993    -2.393   -66.415    -1.528    82.960
TDC     91    68.505    -5.711   -61.295    -3.556    28.197
TDC     92    30.958    -9.714   -88.088    -3.680     2.504
TDC     93    76.482    -6.306   -61.491    -7.636    35.042
TDC     94   119.673   -16.251   -79.395    -6.189    43.447
TDC     96    94.921   -14.083   -86.418    -4.391     4.730
TDC    242    71.994    -4.237   -61.658    -4.443    55.529
TDC    244    41.052    -5.369   -46.797    -6.336    78.087
TDC    245    64.861    -7.040   -57.687    -1.543     6.246
TDC    246    97.414    -8.420  -132.314   -19.277    10.178
TDC    247    85.449   -12.977   -85.945    -5.347     0.000
TDC    264    90.002   -15.987   -92.712    -1.327     0.908
TDC    266    67.211    -8.680   -65.228    -0.549     0.000
TDC    267    86.731    -9.116   -74.806    -9.001    94.694
TDC    268    74.087    -4.949   -69.243    -2.680    30.524
TDC    270    72.192    -5.263   -69.936    -2.919     9.948
TDC    272    77.040   -10.999   -72.165    -8.330    54.649
TDC    311    31.206   -10.526   -99.636    -1.122     7.575
TDC    312   116.619   -13.783   -85.932    -2.392    28.362
TDC    313    76.286    -6.864  -125.477   -10.722    19.810
TDC    442   140.797   -10.050   -57.065   -80.834    65.698
TDC    443  -177.276    -7.307    99.235   -84.358   119.765
TDC    444   108.660   -10.811   -89.332    -7.717    38.155
TDC    445    73.715    -3.990   -74.440    -0.162     0.000
TDC    446    62.486   -12.154   -70.947    -0.779     0.000
TDC    447    98.805    -7.638  -177.497    20.447    32.930
TDC    448    30.032    -7.863   -92.556    -7.320    64.270
TDC    449   100.983   -16.383   -93.538    -3.188     5.309
TDC    450  -191.516   -11.370   107.725   -69.656    38.363
TDC    451    70.297    -3.513   -75.474    -2.805    52.067
TDC    491   114.860   -14.249   -88.391    -5.531    99.928
TDC    492   121.178   -19.235   -81.620    -3.270    19.910
TDC    502  -197.296   -10.639    56.553   -21.207    48.116
TDC    504    63.161   -10.365   -72.785    -0.660     5.265
TDC    506    14.710    -6.152   -77.372    -9.065   113.545
TDC    518    35.457    -5.379   -52.327    -1.811    43.664
TDC    521    48.089   -10.878   -49.112    -0.145     0.643
TDC    522     3.232    -9.098   -69.221    -7.186    24.036
TDC    525   144.920   -14.029   -79.480   -52.636     0.531
TDC    526   127.150   -10.935  -135.016   -11.530     3.717
TDC    527    88.083   -10.808   -71.504    -6.154     6.859
TDC    528    48.851    -9.362   -55.373    -0.362     0.165
TDC    529    69.588    -7.251   -70.267     1.717     0.000
TDC    530    81.285    -8.386  -145.964     5.606    15.797
TDC    531    69.533    -3.473   -63.394    -6.535    48.686
TDC    532    27.721    -5.296   -95.964    -4.135   107.857
TDC     30    72.393    -4.714   -68.208    -0.895     8.272
TDC     31     8.105    -9.175   -65.897    -6.474    40.444
TDC     32    20.188    -9.826   -78.679    -3.232     5.413
TDC     34   110.597   -12.472   -94.887    -1.649    13.623
TDC     49   120.574   -10.883   -71.805   -53.173    34.560
TDC     50    78.425   -15.405   -73.555    -4.207    31.976
TDC     53    30.009    -8.565   -74.369    -5.852    69.952
TDC     67    61.257    -3.427   -61.213    -2.367    82.542
TDC     91    71.593    -6.411   -61.680    -4.227    19.638
TDC     92    25.205    -9.501   -84.271    -6.706     7.118
TDC     93    83.855    -6.386   -72.082    -6.961    39.253
TDC     94   123.177   -15.195   -78.683    -6.276    60.394
TDC     96    91.593   -14.594   -85.218    -5.093     4.798
TDC    242    72.078    -5.451   -58.821   -11.828    42.255
TDC    244    41.727    -5.877   -54.565    -5.594    62.315
TDC    245    66.694    -6.056   -59.734    -2.473     8.709
TDC    246    98.605    -4.736  -142.621   -12.153    11.863
TDC    247    90.257   -14.290   -84.705    -5.915     0.000
TDC    264    90.106   -15.554   -93.573    -2.901     5.752
TDC    266    63.198    -8.726   -62.820    -2.242     3.629
TDC    267    93.197    -9.830   -78.949    -6.723    56.952
TDC    268    76.947    -3.410   -66.883    -9.241    92.756
TDC    270    87.933    -6.048   -84.069    -4.298    22.002
TDC    272    78.974   -11.998   -66.684   -10.212    70.246
TDC    311    27.572   -10.770  -100.283     1.109     7.492
TDC    312   116.324   -15.008   -83.958    -3.176    25.917
TDC    313    75.056    -8.013  -123.888    -9.448    21.468
TDC    442   134.809    -8.972   -53.310   -84.490    90.079
TDC    443  -183.351    -7.386   113.434   -92.111   179.376
TDC    444   105.171   -10.442   -88.051    -7.085    43.447
TDC    445    77.343    -6.015   -69.569    -1.110     2.471
TDC    446    64.791   -11.711   -68.601    -1.455     0.000
TDC    447    98.585    -6.528  -194.625    33.802    52.331
TDC    448    20.553    -6.446   -83.821    -7.787    72.899
TDC    449   107.734   -15.727   -97.149    -2.920     5.685
TDC    450  -191.418   -11.450   104.362   -69.505    52.912
TDC    451    74.945    -3.471   -73.169    -3.276    53.855
TDC    491   118.648   -13.647   -89.648    -5.321   100.337
TDC    492   115.696   -18.144   -81.913    -3.136    37.359
TDC    502  -200.463    -9.556    66.145   -32.379    59.356
TDC    504    65.632    -9.879   -71.492    -0.551     2.124
TDC    506    17.687    -5.355   -79.826    -9.414   106.196
TDC    518    40.019    -5.666   -59.976     1.309    35.891
TDC    521    46.080    -9.570   -48.992    -0.606     0.929
TDC    522     7.145    -9.146   -66.911    -7.412    23.346
TDC    525   139.688   -12.561   -77.066   -53.374     1.991
TDC    526   132.607   -10.255  -129.260   -16.812     3.053
TDC    527    85.743   -10.469   -70.844    -5.277     5.376
TDC    528    45.073    -8.962   -54.311     0.110     0.000
TDC    529    70.745    -8.288   -70.383     1.464     0.000
TDC    530    87.092    -8.180  -160.381    14.366    19.649
TDC    531    72.540    -3.721   -65.528    -5.364    36.303
TDC    532     9.329    -2.954   -91.698    -2.065    90.556
TDC     30    70.017    -4.396   -67.735    -2.695     8.340
TDC     31     8.598    -7.753   -71.856    -4.430    40.034
TDC     32    16.982    -8.073   -85.919    -2.090     7.846
TDC     34   107.920   -12.012   -89.053    -2.368    28.650
TDC     49   119.296   -11.988   -74.508   -53.740    42.547
TDC     50    77.307   -13.986   -71.894    -6.864    38.728
TDC     53    35.167    -8.517   -76.221    -9.079    67.392
TDC     67    66.113    -3.601   -63.639    -3.235    72.184
TDC     91    73.463    -6.458   -59.984    -4.541    29.393
TDC     92    28.466    -9.927   -91.328    -4.052     3.769
TDC     93    75.593    -6.722   -59.931    -9.580    28.566
TDC     94   125.192   -13.803   -73.450    -8.507    54.980
TDC     96    88.619   -14.636   -84.268    -4.981     5.327
TDC    242    78.125    -4.224   -65.080   -10.216    47.868
TDC    244    40.688    -5.710   -53.814    -4.859    61.429
TDC    245    64.981    -6.146   -61.010    -1.787     8.299
TDC    246    94.820    -5.808  -138.014   -12.743    18.137
TDC    247    88.367   -14.202   -82.547    -5.828     0.398
TDC    264    96.729   -14.229   -97.235    -1.567     4.072
TDC    266    62.627    -7.596   -60.318    -2.720     3.822
TDC    267    87.125    -9.730   -78.272    -8.863    65.067
TDC    268    77.620    -3.000   -65.906   -10.938   101.007
TDC    270    88.620    -7.024   -85.565    -2.353    26.964
TDC    272    77.300   -12.678   -68.693    -8.456    70.809
TDC    311    32.965    -9.935   -96.483    -1.726     9.187
TDC    312   116.599   -14.398   -81.269    -3.522    37.209
TDC    313    79.361    -7.862  -130.273    -5.019    25.791
TDC    442   135.822    -8.576   -71.046   -71.496    96.905
TDC    443  -182.814    -7.100   105.494   -87.016   208.889
TDC    444   105.898   -11.802   -90.328    -1.318    22.471
TDC    445    73.853    -5.775   -70.662    -1.668     0.000
TDC    446    64.534   -10.999   -70.615    -1.286     0.000
TDC    447    98.439    -8.288  -178.597    22.575    39.585
TDC    448    16.160    -5.168   -82.785    -6.230    59.964
TDC    449   105.490   -15.588   -94.481    -3.349     6.902
TDC    450  -192.937   -11.690   100.094   -64.472    42.069
TDC    451    73.237    -3.668   -75.071    -3.299    53.064
TDC    491   120.005   -14.395   -87.990    -5.779    94.413
TDC    492   116.396   -17.880   -82.442    -3.017    30.947
TDC    502  -198.359    -7.741    71.973   -30.167    66.089
TDC    504    66.528   -10.007   -70.362    -2.297     3.275
TDC    506    28.701    -5.516   -82.919    -9.317   115.584
TDC    518    33.052    -4.285   -56.177     0.484    27.116
TDC    521    43.998    -8.192   -48.250     0.338     1.514
TDC    522    10.850    -9.280   -71.781    -6.565    17.062
TDC    525   141.666   -11.848   -65.956   -67.000     8.054
TDC    526   141.877   -11.070  -137.462   -12.935     3.717
TDC    527    89.071    -8.812   -74.453    -5.670     2.367
TDC    528    50.112   -11.214   -55.288    -1.014     0.330
TDC    529    64.641    -7.739   -71.074     1.856     0.000
TDC    530    88.657    -7.336  -149.413     4.920    18.072
TDC    531    69.742    -3.055   -64.214    -4.796    33.229
TDC    532    25.193    -5.230  -100.642    -2.688    95.398
TDC     30    72.055    -4.008   -69.230    -1.664     8.041
TDC     31     4.472    -8.003   -69.614    -6.486    31.957
TDC     32    17.896    -8.762   -82.239    -1.988     6.425
TDC     34   112.111   -11.532   -91.849    -2.271    11.132
TDC     49   123.042   -10.849   -63.893   -62.944    39.747
TDC     50    73.734   -13.584   -70.089    -6.434    25.565
TDC     53    40.111    -8.115   -79.086    -7.712    56.651
TDC     67    67.720    -3.029   -65.298    -2.486    79.577
TDC     91    70.592    -6.382   -62.804    -3.375    23.781
TDC     92    31.403    -9.540   -88.604    -9.161    10.715
TDC     93    67.200    -5.976   -55.650    -7.661    42.827
TDC     94   123.933   -15.136   -76.458    -6.202    69.542
TDC     96    91.605   -15.192   -83.796    -5.479     5.785
TDC    242    77.413    -4.426   -66.462    -8.811    62.447
TDC    244    44.229    -5.525   -53.686    -8.451    69.118
TDC    245    68.492    -6.052   -66.795    -0.299    14.785
TDC    246    96.466    -7.967  -135.201   -16.964    14.439
TDC    247    87.633   -12.979   -84.873    -6.325     3.989
TDC    264    91.605   -14.268   -96.361    -0.521     1.914
TDC    266    76.490    -7.724   -71.312    -0.738     1.321
TDC    267    90.605    -7.881   -76.232   -10.526   141.675
TDC    268    75.339    -3.498   -60.881   -11.879   108.305
TDC    270    95.088    -6.985   -85.953    -3.888    33.510
TDC    272    77.280   -13.214   -69.585    -7.278    50.489
TDC    311    36.031   -10.256  -102.625     0.613     5.054
TDC    312   120.358   -13.871   -84.778    -4.121    22.439
TDC    313    77.371    -8.324  -123.359   -10.841    13.663
TDC    442   141.340    -4.781   -73.583   -66.177   102.080
TDC    443  -187.462    -8.139   104.271   -80.243   143.834
TDC    444   109.385   -12.572   -89.749    -4.485     2.256
TDC    445    75.942    -5.347   -68.329    -4.466     6.446
TDC    446    67.478   -11.419   -69.964    -2.039     0.000
TDC    447   100.775    -6.846  -171.852    15.225    67.210
TDC    448    27.646    -6.217   -90.805    -9.178   109.158
TDC    449   104.250   -14.664   -91.060    -3.705     7.735
TDC    450  -185.129   -10.821   102.464   -68.805    69.981
TDC    451    70.368    -3.292   -74.609    -3.904    68.040
TDC    491   117.900   -14.319   -88.363    -5.873   122.032
TDC    492   114.780   -18.255   -81.482    -4.343    41.511
TDC    502  -190.222    -6.661    61.426   -32.537    81.794
TDC    504    69.046    -9.385   -69.395    -3.168    13.288
TDC    506    18.199    -6.137   -72.569   -14.848    92.507
TDC    518    32.420    -6.045   -52.325     0.245    22.268
TDC    521    46.379   -10.877   -48.500    -0.683     0.000
TDC    522     6.392    -9.082   -69.825    -6.461    12.898
TDC    525   147.774   -12.678   -66.633   -63.206     3.717
TDC    526   138.659   -12.374  -136.795   -10.586     2.124
TDC    527    97.065   -11.898   -70.873    -6.549     8.598
TDC    528    47.567   -11.115   -55.370    -0.385     0.330
TDC    529    67.596    -8.204   -68.858     1.241     0.000
TDC    530    86.465    -6.873  -155.558    10.965    14.009
TDC    531    72.910    -2.806   -65.107    -6.500    57.591
TDC    532    27.372    -5.282  -101.554    -0.766    82.424
TDC     30    70.977    -3.885   -65.675    -1.207     8.076
TDC     31     3.921    -8.617   -67.675    -6.378    34.986
TDC     32    18.501    -7.670   -82.954    -3.809    12.405
TDC     34   114.586   -11.989   -88.373    -4.188    18.860
TDC     49   121.792   -10.747   -98.112   -28.229    14.214
TDC     50    77.938   -15.052   -74.616    -4.114    25.590
TDC     53    31.104    -8.701   -76.982    -5.208    65.320
TDC     67    59.962    -3.803   -59.404    -3.428    82.379
TDC     91    70.347    -6.354   -61.567    -4.504    34.398
TDC     92    29.558    -7.600   -91.972    -6.593    17.683
TDC     93    76.678    -5.436   -58.060   -11.781    46.952
TDC     94   123.553   -15.196   -75.585    -6.423    64.282
TDC     96    93.958   -15.207   -84.348    -6.202     7.817
TDC    242    81.107    -3.851   -68.745    -8.382    79.375
TDC    244    38.374    -3.972   -46.402    -8.178    79.451
TDC    245    65.608    -5.324   -58.145    -3.401    18.550
TDC    246    97.745    -6.391  -135.517   -19.136    17.614
TDC    247    89.685   -14.075   -88.172    -4.355     0.495
TDC    264    93.069   -15.998   -92.616    -0.602     3.318
TDC    266    75.608    -8.166   -69.939    -1.657     7.266
TDC    267    86.719    -9.478   -80.942    -8.844    78.229
TDC    268    75.394    -3.129   -65.805    -7.717   103.775
TDC    270    91.316    -5.528   -84.856    -4.204    34.514
TDC    272    71.906   -13.784   -66.732    -7.967    45.599
TDC    311    32.492   -12.564   -97.463    -1.598     3.464
TDC    312   111.189   -16.097   -80.803    -3.239    34.481
TDC    313    82.922    -7.300  -136.540    -0.466     9.501
TDC    442   137.479    -6.562   -66.545   -76.019   112.969
TDC    443  -186.297    -9.059   121.481   -94.709   163.088
TDC    444   107.588   -12.435   -90.238    -4.392    19.232
TDC    445    72.189    -5.641   -65.455    -4.339     5.968
TDC    446    67.752   -12.295   -67.227    -2.281     0.189
TDC    447    99.782    -7.161  -179.839    21.015    70.410
TDC    448    25.495    -5.376   -83.663   -13.155   119.246
TDC    449   102.787   -13.114   -90.605    -3.952    14.817
TDC    450  -189.682    -9.173    97.903   -65.538    79.133
TDC    451    72.926    -2.754   -76.897    -2.048    56.637
TDC    491   116.573   -13.650   -88.010    -6.437    84.068
TDC    492   118.480   -16.942   -80.760    -3.386    19.105
TDC    502  -199.464    -8.984    59.787   -25.648    73.874
TDC    504    63.190    -9.694   -71.314    -1.969     1.703
TDC    506    26.211    -6.290   -79.625   -10.048   109.028
TDC    518    30.262    -5.144   -53.042     0.037    40.947
TDC    521    39.769   -10.252   -47.692    -0.771     0.000
TDC    522     6.138    -9.447   -73.052    -3.298     6.344
TDC    525   140.922   -11.830   -73.677   -53.698     2.688
TDC    526   131.298   -10.068  -134.845   -12.997     1.836
TDC    527    92.849    -9.909   -71.540    -6.987     7.751
TDC    528    49.787    -8.711   -56.522    -0.505     1.736
TDC    529    64.804    -7.611   -65.660     0.375     1.651
TDC    530    91.425    -8.396  -140.045    -5.392     6.413
TDC    531    72.247    -3.487   -59.377    -8.849    46.830
TDC    532    31.666    -4.416   -95.148    -7.489    82.960
TDC     30    66.745    -2.204   -68.066    -1.976     7.605
TDC     31    10.142    -7.143   -69.671    -6.402    46.355
TDC     32    16.361    -5.753   -84.221    -2.269     8.206
TDC     34   107.017   -11.942   -90.422    -3.169    24.943
TDC     49   123.285   -11.269   -73.991   -49.257    44.629
TDC     50    75.047   -13.911   -73.040    -4.958    34.386
TDC     53    32.058    -7.373   -76.847    -5.565    99.314
TDC     67    62.435    -2.733   -65.121    -2.018    83.348
TDC     91    73.860    -5.256   -61.819    -5.101    29.120
TDC     92    40.510    -8.780   -92.182    -8.685    18.322
TDC     93    75.775    -5.571   -61.178    -7.123    55.005
TDC     94   123.938   -15.679   -83.343    -4.106    51.825
TDC     96    90.516   -14.627   -85.232    -5.184     4.312
TDC    242    79.237    -3.763   -72.241    -7.847    75.698
TDC    244    39.007    -5.033   -45.482    -8.756    87.042
TDC    245    71.049    -6.122   -58.821    -2.452    12.867
TDC    246    98.213    -6.889  -134.117   -18.313    17.385
TDC    247    92.253   -14.462   -84.092    -5.277     0.000
TDC    264    91.809   -14.747   -93.870    -1.152     0.929
TDC    266    67.072    -8.382   -57.991    -3.896     1.486
TDC    267    84.685   -11.286   -79.352    -7.690    53.749
TDC    268    76.984    -3.786   -61.745   -11.475   102.229
TDC    270    88.613    -6.095   -83.490    -4.242    41.721
TDC    272    83.679   -11.766   -72.772    -7.494    65.175
TDC    311    33.930    -9.807  -103.295    -0.268     5.779
TDC    312   117.729   -13.764   -83.728    -1.873    32.940
TDC    313    79.373    -8.263  -119.340   -15.344    19.839
TDC    442   140.639    -5.414   -62.379   -80.486   103.901
TDC    443  -185.222    -8.865   107.431   -86.374   149.656
TDC    444   104.833   -11.731   -93.099    -3.517    17.339
TDC    445    71.522    -5.303   -67.482    -3.157     1.062
TDC    446    60.721   -11.169   -67.608    -1.748     0.189
TDC    447    98.845    -7.689  -177.917    24.059    68.516
TDC    448    12.838    -6.228   -73.502    -9.834   125.496
TDC    449   105.051   -14.591   -92.619    -4.193     9.422
TDC    450  -191.915    -8.415   106.816   -69.011    69.156
TDC    451    68.972    -3.185   -71.403    -4.265    71.047
TDC    491   119.902   -14.366   -86.948    -7.023    76.047
TDC    492   114.611   -17.395   -82.181    -3.999    25.245
TDC    502  -200.194    -8.233    59.541   -27.274    55.763
TDC    504    62.835    -9.483   -70.473    -2.732     3.860
TDC    506    25.494    -4.722   -72.339   -16.083    99.333
TDC    518    31.244    -4.860   -56.167     1.208    43.534
TDC    521    42.983   -10.557   -49.276    -0.267     0.398
TDC    522     7.541    -9.843   -68.056    -6.273    16.690
TDC    525   144.537   -13.237   -69.256   -59.343     4.380
TDC    526   135.627   -10.793  -140.630    -8.124     4.171
TDC    527    86.674    -9.799   -72.665    -5.280     4.756
TDC    528    52.366    -9.487   -54.394     0.181     0.330
TDC    529    68.514    -7.390   -71.524     2.207     0.330
TDC    530    80.422    -8.014  -151.949    13.942    14.338
TDC    531    70.193    -3.139   -62.525    -7.655    38.021
TDC    532    31.393    -4.047   -96.263    -7.601   109.170
TDC     30    71.763    -4.613   -69.621    -2.484    10.494
TDC     31    10.766    -9.016   -71.769    -4.810    36.252
TDC     32    24.455    -9.196   -83.994    -4.748     9.304
TDC     34   112.641   -13.004   -89.324    -3.373    27.663
TDC     49   120.475   -11.697   -67.330   -59.367    52.239
TDC     50    74.449   -13.818   -72.433    -5.473    25.416
TDC     53    38.289    -8.284   -78.929    -5.122    81.304
TDC     67    62.423    -3.838   -62.823    -2.637    82.262
TDC     91    73.507    -5.012   -62.193    -3.348    26.411
TDC     92    34.644    -8.368   -89.286    -8.191    10.118
TDC     93    81.570    -6.088   -65.053    -7.723    40.642
TDC     94   121.225   -14.282   -75.458    -9.157    50.695
TDC     96    94.683   -15.553   -86.035    -4.467     7.278
TDC    242    84.274    -3.780   -68.690    -6.292    75.969
TDC    244    41.242    -5.312   -53.825    -4.893    61.654
TDC    245    65.916    -6.414   -58.687    -2.563    16.589
TDC    246    97.109    -8.847  -130.145   -20.594    11.174
TDC    247    90.458   -13.331   -83.278    -5.575     0.000
TDC    264    88.557   -14.391   -93.908    -0.212     1.265
TDC    266    62.341    -5.977   -59.803    -1.839     0.991
TDC    267    92.345   -10.723   -83.744    -5.254    48.469
TDC    268    77.487    -3.487   -64.449    -9.516   101.347
TDC    270    86.761    -6.895   -84.371    -2.775    25.356
TDC    272    71.412   -10.736   -72.683    -6.797    58.938
TDC    311    31.506   -11.405   -98.819    -0.559     4.899
TDC    312   121.376   -15.586   -85.018    -3.247    39.132
TDC    313    80.112    -7.564  -130.682    -6.708    19.577
TDC    442   136.616    -9.322   -63.209   -74.470    96.358
TDC    443  -183.251    -8.971   129.596   -99.718   163.414
TDC    444   104.874   -11.449   -90.370    -6.704    29.348
TDC    445    73.550    -5.829   -69.903    -1.465     0.000
TDC    446    63.461   -10.977   -68.280    -0.635     0.000
TDC    447    99.458    -7.235  -171.036    13.114    39.341
TDC    448    14.308    -7.216   -79.568    -4.572    78.421
TDC    449   109.074   -15.353   -90.745    -2.955     7.544
TDC    450  -190.620   -11.827    96.799   -63.765    47.742
TDC    451    71.367    -2.906   -74.478    -3.415    67.706
TDC    491   116.808   -15.171   -88.872    -5.383    92.664
TDC    492   118.949   -19.936   -80.569    -3.028    17.247
TDC    502  -198.360    -8.067    62.606   -25.473    58.074
TDC    504    62.825   -10.986   -68.655    -2.512     2.389
TDC    506    22.583    -6.744   -78.321   -10.018   100.890
TDC    518    40.927    -5.273   -57.616     0.488    33.478
TDC    521    43.246   -10.223   -46.300    -0.847     0.398
TDC    522     8.975    -8.891   -70.267    -6.691    21.592
TDC    525   144.678   -11.443   -72.277   -60.228     4.702
TDC    526   130.004   -10.943  -136.541   -11.101     3.109
TDC    527    84.059   -10.823   -68.674    -6.051     5.454
TDC    528    45.917   -10.414   -52.891    -0.624     1.982
TDC    529    68.090    -8.798   -67.510     1.183     0.000
TDC    530    82.510    -7.848  -153.261    10.148     9.875
TDC    531    75.301    -3.478   -64.918    -5.712    49.706
TDC    532    31.051    -5.365   -97.915    -6.115   104.603
TDC     30    69.545    -3.794   -65.063    -3.784    12.302
TDC     31     9.675    -8.138   -71.002    -6.661    26.379
TDC     32    14.047   -10.466   -85.560    -0.807     0.661
TDC     34   110.400   -12.217   -92.074    -2.226    11.456
TDC     49   115.341   -10.922   -76.396   -49.505    35.300
TDC     50    75.444   -12.781   -73.713    -5.564    17.582
TDC     53    33.192    -9.341   -77.678    -6.767    45.936
TDC     67    69.387    -2.679   -70.861    -1.498    92.227
TDC     91    67.287    -6.623   -60.572    -2.166    18.004
TDC     92    31.334    -7.503   -90.469    -7.506    51.646
TDC     93    78.054    -5.609   -63.963    -9.191    46.117
TDC     94   122.652   -15.338   -82.002    -5.005    64.230
TDC     96    91.656   -14.721   -89.715    -3.321    14.776
TDC    242    73.158    -5.232   -57.981   -10.896    44.533
TDC    244    43.619    -5.702   -58.099    -2.798    66.533
TDC    245    69.869    -6.191   -61.594    -3.784    10.213
TDC    246    95.158    -5.953  -144.018   -11.850    22.031
TDC    247    90.945   -14.620   -84.332    -5.281     0.000
TDC    264    92.791   -14.441   -94.837    -1.110     0.398
TDC    266    63.241    -5.204   -60.657    -2.102     2.972
TDC    267    86.123   -10.523   -82.649    -6.164    55.878
TDC    268    77.715    -3.933   -66.084    -8.455    97.557
TDC    270    88.269    -7.164   -84.600    -2.515    30.156
TDC    272    74.868   -12.959   -69.458    -9.244    62.407
TDC    311    35.036   -11.248   -96.170    -2.327     6.796
TDC    312   115.995   -15.849   -83.673    -3.302    30.358
TDC    313    78.349    -6.827  -135.608    -0.052    12.949
TDC    442   142.723    -8.515   -71.610   -72.449    82.682
TDC    443  -189.205    -9.004   124.625   -96.013   140.045
TDC    444   103.068    -9.166   -87.485    -9.643    44.747
TDC    445    72.819    -6.836   -67.387    -0.433     0.752
TDC    446    64.745   -12.645   -70.025    -0.225     0.000
TDC    447   100.075    -5.119  -197.885    33.846    58.369
TDC    448    30.480    -6.858   -90.833    -9.746    99.403
TDC    449   101.957   -14.318   -90.855    -3.840    11.703
TDC    450  -197.043    -9.759   114.256   -71.040    75.787
TDC    451    71.133    -3.217   -73.940    -4.481    59.666
TDC    491   116.024   -13.144   -89.886    -5.914    86.995
TDC    492   114.724   -18.824   -80.377    -4.057    19.137
TDC    502  -199.092    -8.645    75.816   -39.837    72.091
TDC    504    60.392   -10.054   -71.315    -0.604     2.389
TDC    506    18.338    -5.720   -74.948   -11.802   106.822
TDC    518    37.269    -6.533   -56.563     0.839    21.516
TDC    521    43.508   -11.093   -46.299    -0.151     0.000
TDC    522    13.088   -10.873   -80.169    -2.508     5.072
TDC    525   142.352   -12.200   -91.830   -44.295     0.133
TDC    526   131.567   -10.826  -132.351   -16.945     1.593
TDC    527    86.248    -9.255   -71.241    -5.061     6.533
TDC    528    45.477   -11.097   -52.044    -1.205     2.945
TDC    529    65.192    -5.832   -71.744     1.617     0.133
TDC    530    84.386    -5.022  -157.824    17.458    15.041
TDC    531    71.077    -2.446   -66.981    -5.250    59.032
TDC    532    24.512    -3.936   -95.291    -6.216   108.221
TDC     30    73.976    -3.855   -66.293    -4.082    11.264
TDC     31     6.744    -8.799   -67.860    -7.575    45.014
TDC     32    21.756   -10.289   -87.753     0.554     0.000
TDC     34   108.260   -12.656   -89.990    -4.522    16.713
TDC     49   119.534   -11.431   -78.881   -45.495    27.875
TDC     50    77.867   -14.036   -73.159    -5.433    23.728
TDC     53    31.259    -8.361   -76.213    -5.612    60.721
TDC     67    70.913    -3.369   -65.666    -2.572    80.211
TDC     91    73.245    -5.966   -62.660    -3.893    16.618
TDC     92    30.180    -7.909   -89.080    -8.167    21.732
TDC     93    75.299    -4.758   -64.791    -7.502    65.867
TDC     94   122.915   -14.296   -80.765    -3.949    61.109
TDC     96    89.558   -13.634   -85.571    -5.804    12.869
TDC    242    79.704    -4.954   -62.118   -11.979    58.542
TDC    244    42.723    -5.148   -49.557    -5.587    69.358
TDC    245    66.780    -5.284   -62.648    -0.371    30.818
TDC    246   101.118    -6.252  -133.251   -21.475    41.176
TDC    247    91.260   -14.930   -84.329    -6.400     0.000
TDC    264    88.625   -15.585   -93.267    -0.688     3.451
TDC    266    71.489    -6.687   -67.732    -2.729     2.449
TDC    267    84.053   -10.496   -78.074    -7.932    52.134
TDC    268    73.953    -4.630   -64.892    -8.217    85.696
TDC    270    86.258    -5.404   -84.905    -3.760    28.699
TDC    272    78.976   -10.598   -69.748    -8.251    83.290
TDC    311    28.273   -10.918   -98.150    -0.093     5.273
TDC    312   117.020   -15.574   -81.450    -3.030    34.325
TDC    313    80.378    -8.060  -123.984   -11.759    31.474
TDC    442   139.914    -7.636   -57.007   -80.209    91.562
TDC    443  -184.486    -7.839   113.711   -92.916   193.134
TDC    444   104.458   -11.076   -87.079    -7.334    46.840
TDC    445    72.626    -6.029   -68.633    -1.424     0.566
TDC    446    63.240   -11.678   -69.267    -0.665     0.000
TDC    447    98.436    -7.179  -175.056    18.774    45.374
TDC    448    13.979    -6.944   -81.258    -5.046    96.546
TDC    449    95.469   -12.979   -91.113    -3.529     9.377
TDC    450  -195.003    -8.725   107.783   -73.207    74.046
TDC    451    71.038    -3.307   -72.957    -3.574    74.496
TDC    491   122.398   -15.248   -89.982    -5.203    77.851
TDC    492   112.279   -18.995   -80.399    -5.517    17.512
TDC    502  -203.002    -8.662    95.613   -54.451    90.846
TDC    504    61.954    -8.532   -68.035    -2.874    11.555
TDC    506    38.333    -5.334   -92.150    -7.950   109.867
TDC    518    30.575    -3.980   -57.352     0.211    45.034
TDC    521    43.889   -11.344   -46.768    -0.186     0.133
TDC    522     3.698   -10.681   -73.093    -2.350     8.986
TDC    525   143.982   -12.437   -87.897   -49.352     1.062
TDC    526   128.851   -10.383  -135.877   -10.357     1.991
TDC    527    88.997   -11.154   -71.674    -5.157     3.031
TDC    528    47.178    -9.666   -54.752     0.791     0.133
TDC    529    67.336    -6.902   -68.883     1.482     0.000
TDC    530    79.318    -7.721  -161.543    19.649     3.770
TDC    531    71.248    -3.250   -67.346    -4.763    34.583
TDC    532    14.761    -4.428   -88.895    -2.473    84.166
TDC     30    70.885    -4.448   -66.842    -3.074    14.550
TDC     31     4.204    -9.150   -67.616    -5.626    39.181
TDC     32    21.522    -9.370   -90.877     0.491     0.000
TDC     34   105.532   -11.999   -88.984    -3.547    16.102
TDC     49   121.709   -10.871   -78.026   -50.284    45.476
TDC     50    80.049   -14.017   -74.426    -4.158    14.465
TDC     53    32.268    -7.359   -76.903    -7.730    92.638
TDC     67    63.821    -1.598   -69.550    -2.524    83.103
TDC     91    64.789    -7.329   -59.636    -2.621    13.861
TDC     92    28.299    -9.803   -85.669    -7.410     6.011
TDC     93    82.998    -6.012   -64.809    -9.716    42.442
TDC     94   121.540   -14.210   -79.552    -4.352    74.818
TDC     96    92.250   -14.064   -88.220    -5.199    10.247
TDC    242    72.336    -4.737   -60.161    -7.124    45.310
TDC    244    40.185    -5.348   -50.459    -7.683    45.062
TDC    245    72.265    -5.980   -75.525     4.189     8.408
TDC    246   100.457    -7.190  -134.589   -16.975    15.284
TDC    247    88.313   -13.402   -84.455    -5.777     0.000
TDC    264    93.849   -15.667   -95.106    -0.349     3.961
TDC    266    64.357    -7.900   -61.352    -2.931     4.266
TDC    267    90.578    -9.539   -86.485    -6.022    63.373
TDC    268    74.386    -3.459   -65.451   -10.496    91.974
TDC    270    85.713    -6.537   -83.344    -2.293    35.223
TDC    272    82.076   -12.059   -72.151    -8.368    82.718
TDC    311    29.990   -11.215   -97.718     0.122     8.997
TDC    312   114.771   -15.159   -81.145    -3.371    28.244
TDC    313    76.449    -6.745  -128.579    -9.647    19.002
TDC    442   143.073    -8.179   -65.020   -75.772    92.356
TDC    443  -184.129    -9.063   105.973   -84.948   141.965
TDC    444   108.228   -11.739   -92.082    -3.244    12.796
TDC    445    71.122    -5.574   -67.459    -1.018     0.321
TDC    446    60.508   -11.539   -68.817    -0.837     0.000
TDC    447    98.608    -6.163  -175.972    16.749    54.329
TDC    448    28.727    -5.915   -92.806    -8.927   105.411
TDC    449   101.483   -14.412   -91.413    -2.943     5.149
TDC    450  -191.686   -11.046   104.114   -68.182    73.158
TDC    451    72.304    -3.299   -73.006    -3.916    64.979
TDC    491   119.990   -14.811   -86.877    -6.454    68.066
TDC    492   114.870   -16.740   -80.347    -4.539    20.542
TDC    502  -207.037    -9.672   101.996   -56.547   102.956
TDC    504    66.550   -10.712   -69.403    -2.949     5.014
TDC    506    21.590    -6.371   -80.187    -9.272   103.506
TDC    518    30.034    -6.233   -49.543    -0.675    57.042
TDC    521    43.248   -10.186   -45.433    -0.925     0.000
TDC    522     3.369    -9.096   -69.587    -6.646    27.161
TDC    525   148.084   -10.302   -93.731   -47.534     0.133
TDC    526   132.975    -9.388  -144.470    -6.914     3.451
TDC    527    88.200   -11.331   -71.781    -6.524     4.889
TDC    528    46.381   -11.510   -53.863     0.029     0.165
TDC    529    70.064    -8.911   -70.247     1.006     0.000
TDC    530    85.952    -8.461  -147.853     6.496    15.700
TDC    531    69.757    -3.686   -67.460    -3.948    32.723
TDC    532    25.874    -4.931   -99.628    -3.629   111.603
TDC     30    69.039    -4.692   -67.653    -2.759    14.900
TDC     31     6.365   -10.177   -66.917    -6.941    23.866
TDC     32    15.646    -8.543   -90.653     2.281     0.000
TDC     34   106.728   -12.531   -90.028    -4.077    15.072
TDC     49   124.547    -7.661   -78.695   -46.827    45.666
TDC     50    73.502   -15.044   -75.255    -3.372    13.885
TDC     53    31.235    -8.507   -75.842    -8.472    51.063
TDC     67    78.481    -2.725   -67.470    -8.165    75.606
TDC     91    58.089    -7.044   -52.938    -1.734     6.665
TDC     92    32.454    -8.902   -85.299    -8.594    15.551
TDC     93    76.516    -4.000   -65.827    -6.316    60.021
TDC     94   125.720   -11.236   -82.941    -4.311    62.203
TDC     96    90.676   -11.122   -87.507    -3.979     8.851
TDC    242    81.982    -4.443   -70.167    -8.660    64.705
TDC    244    41.973    -6.409   -54.080    -6.866    42.797
TDC    245    67.810    -5.024   -75.343     4.340    22.131
TDC    246   101.869    -5.630  -138.554   -19.832    20.740
TDC    247    88.587   -10.982   -82.833    -6.951     0.664
TDC    264    95.092   -14.926   -93.667     0.109     1.195
TDC    266    64.103    -8.244   -56.503    -2.969     3.794
TDC    267    81.586    -9.487   -82.116    -6.149    48.761
TDC    268    72.963    -3.812   -65.492    -7.161    87.524
TDC    270    86.577    -5.227   -84.638    -2.944    38.713
TDC    272    77.091   -12.086   -69.160    -8.869    60.694
TDC    311    31.360    -8.505  -103.282     0.214     6.554
TDC    312   110.532   -14.784   -83.558    -2.975    26.686
TDC    313    83.411    -8.092  -129.460    -8.618    27.026
TDC    442   140.126    -9.321   -77.307   -62.116    83.436
TDC    443  -182.840    -9.593   116.333   -92.929   143.796
TDC    444   104.801   -13.632   -87.337    -6.833     8.729
TDC    445    74.999    -5.094   -71.432    -0.533     0.265
TDC    446    65.862   -11.120   -72.935    -1.092     0.000
TDC    447    98.921    -8.395  -172.053    20.808    28.595
TDC    448    13.655    -6.330   -77.870    -7.250   105.355
TDC    449   101.324   -15.158   -91.408    -3.232     2.096
TDC    450  -191.571    -9.852   104.495   -71.676    62.908
TDC    451    72.515    -2.840   -75.136    -4.267    74.997
TDC    491   122.701   -15.189   -87.815    -6.277    85.443
TDC    492   113.034   -17.566   -78.878    -3.944    10.801
TDC    502  -200.412   -10.645   104.924   -59.940    69.868
TDC    504    63.186   -10.261   -66.313    -2.711     2.422
TDC    506    26.699    -5.497   -77.690   -13.265   123.038
TDC    518    35.505    -5.870   -56.362     1.344    19.566
TDC    521    41.227   -11.246   -47.472    -0.643     0.398
TDC    522     5.422   -10.166   -67.101    -6.135    26.739
TDC    525   143.869   -12.427   -75.313   -56.281     0.398
TDC    526   125.539   -11.880  -133.938   -11.470     2.920
TDC    527    82.943    -9.542   -71.385    -6.482     4.883
TDC    528    50.530    -9.955   -57.338     1.475     0.165
TDC    529    70.132    -7.585   -63.851     0.689     0.000
TDC    530    89.621    -5.896  -155.878    10.539     7.623
TDC    531    71.366    -2.996   -64.175    -6.733    60.461
TDC    532    11.880    -4.115   -92.836    -1.499    82.965
