TDC     13   139.524    -7.917   -59.426   -79.147   101.425
TDC     14  -184.328    -7.660   126.125  -100.030   205.091
TDC     15   105.390    -7.081   -93.876    -1.776    32.594
TDC     16    74.524    -3.876   -70.767     0.323    32.800
TDC     17    60.861   -12.493   -66.935    -0.836     0.000
TDC     18    99.607    -6.837  -194.725    33.807    56.113
TDC     19    18.795    -4.883   -81.855   -11.270   119.616
TDC     20   105.947   -10.241   -95.235    -4.355    72.616
TDC     21  -183.307    -5.876   122.213   -93.972   160.560
TDC     22    71.540    -2.506   -70.679    -6.039    84.439
TDC     62   119.131   -11.525   -85.767    -8.106   125.572
TDC     63   114.891   -16.241   -90.781    -2.110    46.397
TDC     73  -193.536    -4.484   134.168   -97.228   158.415
TDC     75    66.670    -6.299   -77.663     3.306    72.043
TDC     77    17.738    -4.724   -73.231   -15.994   128.008
TDC     89    38.498    -4.080   -59.316     1.516    58.175
TDC     92    47.393    -8.250   -49.333    -0.041     0.000
TDC     93     9.056    -7.967   -68.640    -6.838    89.954
TDC     96   137.386    -6.758   -44.295   -89.821    58.338
TDC     97   131.428    -7.826   -35.211  -104.452   119.993
TDC     98    88.792    -8.781   -72.982    -4.528     4.943
TDC     99    50.993    -8.630   -52.528    -0.635     1.624
TDC    100    71.293    -5.067   -64.998    -1.846    43.137
TDC    101    82.451    -4.527  -176.689    33.333    88.602
TDC    102    75.959    -2.711   -69.229    -5.974    81.950
TDC    103    17.521    -5.567   -90.048    -2.335    88.571
TDC     13   143.723    -8.179   -40.299  -100.126   113.195
TDC     14  -185.768    -5.098   124.755  -107.687   242.321
TDC     15   106.347    -6.932   -91.844    -3.957    48.316
TDC     16    75.160    -3.511   -68.665    -2.831    32.081
TDC     17    65.080   -11.928   -68.122    -0.773     0.000
TDC     18   103.379    -5.629  -197.754    35.714    51.560
TDC     19    19.017    -4.527   -85.779    -7.288    98.639
TDC     20   101.261   -11.508   -91.953    -5.337    71.083
TDC     21  -196.057    -8.257   130.032   -96.685   146.117
TDC     22    74.414    -3.214   -74.681    -4.081    65.748
TDC     62   122.626   -11.828   -90.491    -3.941   137.231
TDC     63   112.070   -17.994   -83.423    -1.671    58.499
TDC     73  -201.600    -6.509   149.984  -104.315   159.961
TDC     75    66.892    -7.211   -77.550     3.039    48.432
TDC     77    30.807    -4.567   -74.849   -17.010   135.659
TDC     89    34.211    -3.584   -59.320     1.259    55.062
TDC     92    38.628    -8.230   -48.457     0.571     1.040
TDC     93    10.223    -7.746   -71.179    -8.645    88.203
TDC     96   144.081   -10.461   -41.416   -97.408    67.171
TDC     97   126.842    -7.504   -28.763  -107.219   111.565
TDC     98    88.111    -8.596   -71.402    -5.968    10.068
TDC     99    47.667    -8.937   -51.605    -1.879     0.000
TDC    100    70.694    -6.113   -64.672    -4.441    46.358
TDC    101    80.392    -6.122  -159.471    19.987    72.674
TDC    102    69.356    -2.537   -63.492    -7.029    53.901
TDC    103    12.414    -3.760   -77.108   -11.474   139.097
TDC     13   142.125    -5.793   -59.826   -82.510   122.446
TDC     14  -182.824    -6.702   128.464  -107.253   204.839
TDC     15   108.657    -9.592   -87.681    -8.355    30.767
TDC     16    73.196    -3.959   -73.273     0.225    36.752
TDC     17    61.042   -11.425   -70.866    -1.335     0.000
TDC     18   102.158    -6.216  -208.766    45.305    30.255
TDC     19    13.162    -7.111   -78.923    -6.319    98.034
TDC     20   101.341   -11.842   -95.868    -3.323    56.689
TDC     21  -197.396    -7.080   120.657   -92.645   167.980
TDC     22    71.271    -3.129   -74.847    -3.272    65.610
TDC     62   117.962   -12.439   -92.409    -2.775   119.083
TDC     63   111.890   -16.839   -84.297    -0.830    40.294
TDC     73  -200.170    -8.583   135.740   -95.832   147.711
TDC     75    67.985    -6.621   -78.872     2.570    76.398
TDC     77    23.561    -5.666   -75.279   -14.316   116.334
TDC     89    32.028    -4.598   -56.295     2.117    50.833
TDC     92    41.109   -10.088   -48.157     0.444     0.929
TDC     93     6.511    -7.223   -69.967    -8.662    96.224
TDC     96   145.340   -11.055   -49.748   -88.031    52.971
TDC     97   132.239    -8.439   -36.088  -101.516   105.425
TDC     98    87.626    -9.494   -71.168    -6.118     8.110
TDC     99    55.292    -7.264   -58.054     1.139     2.936
TDC    100    66.983    -5.109   -66.632    -2.069    42.776
TDC    101    85.616    -4.634  -167.192    23.993    81.839
TDC    102    69.698    -2.100   -63.981    -8.933    92.228
TDC    103    27.804    -4.925   -96.907    -6.987   100.973
TDC     13   144.934    -7.572   -44.045   -93.290   108.386
TDC     14  -190.059    -8.296   142.319  -112.912   199.477
TDC     15   104.426    -9.125   -97.122     0.598    38.866
TDC     16    75.120    -3.499   -67.013    -4.902    47.568
TDC     17    64.043   -12.173   -70.386    -1.603     0.000
TDC     18   102.634    -7.590  -188.982    26.744    64.372
TDC     19    19.632    -7.073   -73.873   -13.963    87.670
TDC     20   105.601   -11.012   -94.546    -5.583    72.021
TDC     21  -190.344    -7.614   127.923  -100.580   164.141
TDC     22    74.460    -3.164   -75.514    -1.959    56.302
TDC     62   115.646   -14.083   -90.679    -3.962   105.083
TDC     63   112.159   -16.029   -83.881    -2.491    47.358
TDC     73  -199.531    -6.650   141.536  -102.613   159.641
TDC     75    70.169    -6.785   -73.569     2.105    68.004
TDC     77    20.110    -5.027   -76.067   -15.711   138.528
TDC     89    36.252    -4.481   -61.256     2.722    44.019
TDC     92    46.422   -10.996   -49.660     0.154     0.000
TDC     93     9.993    -6.946   -74.552    -5.664    86.652
TDC     96   137.165   -10.637   -35.662  -100.743    58.384
TDC     97   127.745    -8.022   -30.774  -107.510   119.645
TDC     98    85.470    -9.544   -71.361    -6.199     2.001
TDC     99    46.888    -7.401   -51.387    -2.940     2.972
TDC    100    69.558    -5.416   -65.881    -2.785    47.318
TDC    101    82.937    -5.056  -169.956    28.486    61.155
TDC    102    70.747    -1.632   -64.327    -6.605    86.532
TDC    103    23.229    -4.244   -93.383    -7.700   111.154
TDC     13   142.115    -9.212   -55.295   -84.495    99.702
TDC     14  -184.862    -7.904   123.947  -101.832   184.950
TDC     15   107.907    -7.135   -94.102    -4.557    56.480
TDC     16    71.242    -4.444   -69.932    -0.474    34.136
TDC     17    62.902   -10.877   -70.624    -1.571     0.000
TDC     18   100.936    -6.663  -179.356    19.956    69.914
TDC     19    13.991    -5.120   -84.586    -6.212    94.658
TDC     20   109.989   -11.223   -94.395    -4.543    71.133
TDC     21  -190.506    -7.813   121.407   -94.012   158.893
TDC     22    73.071    -2.032   -77.698    -2.829    56.194
TDC     62   115.996   -12.803   -93.196    -2.939   110.020
TDC     63   112.168   -16.315   -81.055    -2.298    46.380
TDC     73  -201.714    -6.463   137.194   -97.249   136.166
TDC     75    61.466    -5.090   -76.866     2.580    77.089
TDC     77    20.789    -3.996   -77.478   -13.133   145.874
TDC     89    34.204    -5.317   -54.385    -0.442    58.874
TDC     92    43.224    -9.430   -51.360     0.403     0.398
TDC     93    10.463    -6.708   -71.258    -9.809   112.454
TDC     96   141.063   -10.831   -53.328   -87.081    53.615
TDC     97   132.787    -7.953   -41.914   -98.709   115.977
TDC     98    85.221    -9.809   -73.308    -5.059     5.718
TDC     99    43.798    -8.421   -48.813    -0.994     0.661
TDC    100    69.015    -5.649   -68.986    -2.075    44.340
TDC    101    87.053    -5.405  -168.199    24.453    80.534
TDC    102    71.200    -2.320   -62.502    -7.756    60.811
TDC    103    16.954    -3.917   -84.888    -7.983   122.397
TDC     13   139.340    -7.786   -70.694   -71.461    99.969
TDC     14  -188.346    -7.870   121.975  -101.330   181.205
TDC     15   101.769   -10.527   -88.015    -4.928    32.805
TDC     16    72.345    -3.525   -68.638    -3.197    45.622
TDC     17    68.549   -10.774   -70.280    -0.076     0.133
TDC     18   100.698    -5.764  -170.556    12.444    86.957
TDC     19    16.024    -5.463   -79.603    -9.313   101.040
TDC     20   105.228   -11.358   -91.228    -6.508    71.520
TDC     21  -189.462    -8.859   126.128   -92.040   139.787
TDC     22    72.846    -2.527   -73.036    -4.724    69.465
TDC     62   118.187   -13.181   -92.524    -3.565   137.486
TDC     63   113.220   -16.595   -84.379    -1.504    42.024
TDC     73  -202.588    -6.520   138.515   -98.210   180.007
TDC     75    60.502    -6.837   -73.595     1.580    80.441
TDC     77    23.399    -5.588   -76.481   -15.349   139.037
TDC     89    40.514    -6.016   -58.805     1.383    52.673
TDC     92    42.940   -10.043   -47.325     1.121     1.040
TDC     93     6.224    -7.553   -67.488    -9.020   103.578
TDC     96   139.052   -10.917   -40.131   -97.764    65.349
TDC     97   133.463    -8.805   -32.394  -106.219   111.344
TDC     98    94.251    -9.111   -71.787    -6.408    12.320
TDC     99    48.680    -7.865   -49.781    -1.262     1.824
TDC    100    66.206    -5.544   -64.508    -2.931    41.653
TDC    101    81.820    -5.427  -168.243    25.804    64.464
TDC    102    70.439    -1.836   -65.841    -5.772    55.972
TDC    103    11.793    -3.720   -81.182    -7.818   111.139
TDC     13   142.183    -9.315   -63.811   -78.398    92.104
TDC     14  -185.434    -5.197   123.491  -103.819   223.901
TDC     15   100.458    -8.605   -91.017    -5.378    61.487
TDC     16    72.236    -4.117   -70.321     0.292    30.084
TDC     17    58.753   -11.282   -69.581    -0.441     0.000
TDC     18   105.153    -7.461  -188.635    25.834    67.310
TDC     19    31.699    -5.771   -90.841   -10.082    88.512
TDC     20    99.018    -9.989   -91.122    -5.645    65.691
TDC     21  -187.278    -7.854   118.718   -90.192   140.092
TDC     22    75.668    -2.553   -75.301    -4.366    62.831
TDC     62   121.720   -13.193   -91.213    -3.098   100.350
TDC     63   114.932   -16.457   -84.852    -2.132    35.484
TDC     73  -196.965    -8.621   135.854   -94.653   142.574
TDC     75    67.213    -7.535   -76.721     2.683    86.541
TDC     77    29.370    -4.227   -79.952   -15.590   122.371
TDC     89    37.414    -5.533   -54.458     1.264    57.169
TDC     92    38.380    -8.722   -47.235     1.093     1.340
TDC     93     6.421    -7.061   -67.604    -7.152    92.253
TDC     96   144.388   -10.481   -49.469   -91.177    62.895
TDC     97   132.429    -8.671   -34.998  -104.827   109.994
TDC     98    91.080   -10.974   -73.431    -5.025     2.102
TDC     99    47.702    -6.625   -55.144     0.267     0.000
TDC    100    70.053    -4.675   -66.904    -2.303    39.664
TDC    101    87.272    -4.555  -179.433    31.450    66.905
TDC    102    73.401    -1.858   -68.157    -5.008    64.689
TDC    103    16.763    -1.967   -93.927    -3.484    96.718
TDC     13   146.694    -8.100   -56.445   -85.248    91.827
TDC     14  -184.184    -6.332   120.799  -103.471   226.175
TDC     15   106.522    -8.840  -100.064    -0.121    48.716
TDC     16    71.950    -3.804   -72.062     0.789    32.291
TDC     17    67.509   -10.547   -72.006    -0.406     0.000
TDC     18   105.293    -6.887  -184.626    25.853    68.661
TDC     19    32.430    -3.943   -95.476    -9.014   103.765
TDC     20   107.730   -12.493   -94.323    -6.006    70.461
TDC     21  -196.742    -8.965   127.670   -94.149   147.442
TDC     22    71.881    -2.618   -75.623    -3.548    58.743
TDC     62   116.348   -13.249   -92.699    -1.793   124.737
TDC     63   110.017   -16.320   -80.947    -2.079    39.420
TDC     73  -191.664    -6.362   143.907  -104.351   175.924
TDC     75    62.885    -7.087   -77.617     1.938    65.370
TDC     77    34.790    -4.600   -91.803   -11.016   136.063
TDC     89    37.968    -6.619   -49.545    -2.583    58.311
TDC     92    44.031    -9.498   -50.946     0.708     0.929
TDC     93    10.117    -6.046   -72.164    -9.365   100.988
TDC     96   141.093   -10.772   -45.255   -87.665    60.807
TDC     97   131.726    -6.976   -33.734  -102.238   120.953
TDC     98    87.089    -9.491   -72.170    -3.784     7.278
TDC     99    45.040    -9.566   -51.365    -2.086     0.000
TDC    100    67.853    -4.991   -61.848    -6.940    61.606
TDC    101    88.857    -2.902  -178.611    31.021    53.733
TDC    102    72.104    -1.626   -66.004    -6.436    74.165
TDC    103    12.552    -3.936   -89.033    -5.241    96.539
TDC     13   138.127    -8.852   -43.514   -95.747   109.474
TDC     14  -177.243    -6.856   126.280  -106.623   224.229
TDC     15   105.900    -8.719   -92.725    -5.015    53.944
TDC     16    75.063    -4.115   -70.516    -1.928    35.326
TDC     17    65.499   -11.915   -68.775    -0.974     0.000
TDC     18    98.514    -6.762  -180.675    21.524    72.464
TDC     19    34.352    -4.964   -81.772   -17.942    93.756
TDC     20   102.910   -12.010   -93.179    -4.634    75.075
TDC     21  -192.900    -7.747   122.868   -90.879   143.048
TDC     22    76.627    -3.409   -78.623    -1.785    59.501
TDC     62   112.615   -10.856   -88.665    -4.376   128.840
TDC     63   106.546   -16.613   -83.221    -1.226    39.439
TDC     73  -193.803    -6.724   138.889  -101.566   175.420
TDC     75    67.347    -5.732   -78.277     2.341    75.523
TDC     77    37.729    -3.051   -91.476   -16.255   148.732
TDC     89    33.285    -6.698   -56.183     0.933    44.459
TDC     92    46.757    -9.557   -49.832     1.073     0.531
TDC     93     7.739    -6.846   -70.742    -8.693   105.296
TDC     96   140.569   -10.718   -46.103   -90.363    65.035
TDC     97   131.279    -8.022   -38.140  -100.277   118.062
TDC     98    91.116   -11.301   -70.539    -5.702     5.951
TDC     99    52.647   -10.611   -54.221    -1.378     0.165
TDC    100    72.569    -6.023   -66.278    -3.545    39.515
TDC    101    86.959    -7.006  -163.539    22.273    56.699
TDC    102    70.837    -2.394   -62.288    -8.415    65.879
TDC    103    18.167    -4.092   -85.059    -7.673   112.620
TDC     13   140.797    -9.228   -43.568   -96.017    84.640
TDC     14  -177.276    -6.429   118.601  -103.068   173.983
TDC     15   108.660    -8.867   -91.515    -5.921    53.394
TDC     16    73.715    -3.700   -73.113     0.161    32.703
TDC     17    62.486   -11.584   -71.206    -0.821     0.000
TDC     18    98.805    -5.556  -185.348    24.905    86.293
TDC     19    30.032    -6.382   -92.614    -8.338    89.225
TDC     20   100.983   -12.336   -90.908    -7.074    74.894
TDC     21  -191.516    -8.411   128.961   -96.223   146.207
TDC     22    70.297    -3.107   -75.208    -3.339    61.073
TDC     62   114.860   -13.428   -91.435    -3.072   129.267
TDC     63   121.178   -17.850   -83.945    -1.448    53.686
TDC     73  -197.296    -7.433   138.825  -101.184   158.773
TDC     75    63.161    -8.027   -77.043     3.392    58.241
TDC     77    14.710    -5.205   -70.941   -16.144   134.298
TDC     89    35.457    -4.813   -52.895    -1.669    58.642
TDC     92    48.089   -10.534   -49.713     0.395     0.643
TDC     93     3.232    -7.370   -68.893    -7.958    95.640
TDC     96   144.920   -11.418   -45.694   -90.637    47.683
TDC     97   127.150    -8.137   -34.310  -103.932   107.184
TDC     98    88.083   -10.140   -71.312    -6.434     6.859
TDC     99    48.851    -8.916   -54.524    -1.130     0.165
TDC    100    69.588    -4.554   -67.764    -1.535    41.471
TDC    101    81.285    -4.397  -166.606    23.651    80.763
TDC    102    69.533    -2.056   -63.337    -7.557    79.687
TDC    103    27.721    -5.018   -94.747    -5.617   107.857
TDC     13   134.809    -8.252   -44.465   -94.678    99.326
TDC     14  -183.351    -5.797   128.466  -107.101   215.012
TDC     15   105.171    -7.884   -92.145    -5.488    65.496
TDC     16    77.343    -4.531   -71.607     0.043    35.950
TDC     17    64.791   -11.171   -68.850    -1.147     0.000
TDC     18    98.585    -6.112  -202.223    40.933    64.202
TDC     19    20.553    -5.731   -83.326    -9.203    90.202
TDC     20   107.734   -11.953   -93.148    -7.012    77.751
TDC     21  -191.418    -8.967   130.224   -97.747   157.955
TDC     22    74.945    -3.070   -72.804    -3.961    61.803
TDC     62   118.648   -12.466   -91.955    -3.681   130.324
TDC     63   115.696   -17.426   -84.209    -1.459    49.199
TDC     73  -200.463    -7.955   143.246  -105.867   152.890
TDC     75    65.632    -6.897   -74.953     2.479    57.788
TDC     77    17.687    -4.428   -75.182   -15.526   130.739
TDC     89    40.019    -5.202   -60.655     1.688    39.265
TDC     92    46.080    -9.243   -49.771    -0.045     0.929
TDC     93     7.145    -6.583   -69.027    -7.936    97.437
TDC     96   139.688    -9.933   -43.370   -91.759    50.797
TDC     97   132.607    -8.447   -27.814  -110.060   114.450
TDC     98    85.743    -9.936   -70.252    -5.992     5.376
TDC     99    45.073    -8.552   -53.410    -0.962     0.000
TDC    100    70.745    -6.023   -66.203    -2.715    39.033
TDC    101    87.092    -4.208  -176.249    27.826    79.425
TDC    102    72.540    -2.480   -64.471    -7.077    71.484
TDC    103     9.329    -2.572   -90.843    -3.465   100.754
TDC     13   135.822    -8.189   -61.592   -81.740   100.538
TDC     14  -182.814    -6.161   119.604  -101.985   234.215
TDC     15   105.898    -8.744   -90.381    -4.420    58.481
TDC     16    73.853    -3.397   -70.427    -3.566    49.804
TDC     17    64.534   -10.425   -70.755    -1.221     0.000
TDC     18    98.439    -7.746  -184.229    27.412    57.014
TDC     19    16.160    -4.306   -84.320    -6.209    90.284
TDC     20   105.490   -11.699   -92.688    -6.965    72.879
TDC     21  -192.937    -8.885   127.145   -94.046   148.479
TDC     22    73.237    -3.333   -74.622    -3.827    57.428
TDC     62   120.005   -12.506   -91.839    -3.162   140.039
TDC     63   116.396   -17.113   -84.497    -1.360    40.760
TDC     73  -198.359    -7.537   157.268  -107.982   156.559
TDC     75    66.528    -7.734   -76.335     3.179    61.090
TDC     77    28.701    -4.823   -76.861   -16.747   131.319
TDC     89    33.052    -3.364   -57.179     1.035    44.969
TDC     92    43.998    -7.859   -48.855     0.701     1.514
TDC     93    10.850    -6.822   -72.180    -7.325    89.628
TDC     96   141.666    -9.979   -35.786  -104.620    64.780
TDC     97   141.877    -7.845   -31.746  -109.770   112.138
TDC     98    89.071    -8.157   -74.311    -5.879     2.367
TDC     99    50.112   -10.809   -54.885    -1.345     0.330
TDC    100    64.641    -5.949   -66.913    -1.449    40.538
TDC    101    88.657    -3.683  -170.633    24.517    75.488
TDC    102    69.742    -1.263   -63.231    -6.597    79.761
TDC    103    25.193    -4.868   -99.291    -4.355    95.398
TDC     13   141.340    -4.459   -61.672   -79.084   104.061
TDC     14  -187.462    -7.017   123.115   -99.324   182.874
TDC     15   109.385    -9.802   -87.902    -6.032    35.102
TDC     16    75.942    -3.818   -68.259    -5.479    48.679
TDC     17    67.478   -11.000   -69.826    -2.203     0.000
TDC     18   100.775    -6.598  -183.022    25.815    71.475
TDC     19    27.646    -5.914   -90.346   -10.262   110.810
TDC     20   104.250   -12.035   -89.887    -6.749    70.956
TDC     21  -185.129    -9.320   123.970   -92.642   149.519
TDC     22    70.368    -3.224   -74.478    -4.121    68.040
TDC     62   117.900   -13.934   -91.454    -3.067   122.032
TDC     63   114.780   -17.477   -84.179    -1.888    51.514
TDC     73  -190.222    -7.650   137.571  -104.853   155.552
TDC     75    69.046    -6.622   -74.751     1.546    63.505
TDC     77    18.199    -5.065   -76.452   -13.641   131.082
TDC     89    32.420    -5.179   -53.420     0.457    43.998
TDC     92    46.379   -10.626   -49.274    -0.186     0.000
TDC     93     6.392    -6.905   -72.340    -6.820    83.105
TDC     96   147.774    -9.858   -37.987  -100.852    63.816
TDC     97   138.659    -8.765   -36.478  -101.789   107.104
TDC     98    97.065   -11.323   -70.365    -7.395     8.598
TDC     99    47.567   -10.739   -54.637    -1.152     0.330
TDC    100    67.596    -5.727   -64.831    -2.720    40.619
TDC    101    86.465    -4.504  -171.637    25.749    89.220
TDC    102    72.910    -1.808   -65.369    -7.025    80.506
TDC    103    27.372    -4.960  -100.341    -2.257    82.424
TDC     13   137.479    -6.210   -56.029   -87.318   117.097
TDC     14  -186.297    -8.399   139.431  -113.363   194.181
TDC     15   107.588    -9.667   -91.430    -4.530    45.631
TDC     16    72.189    -4.203   -65.599    -4.890    48.640
TDC     17    67.752   -11.929   -67.045    -2.484     0.189
TDC     18    99.782    -6.955  -188.035    28.796    76.169
TDC     19    25.495    -5.204   -83.176   -14.133   119.246
TDC     20   102.787   -11.349   -89.227    -6.375    59.842
TDC     21  -189.682    -8.767   116.590   -89.123   149.321
TDC     22    72.926    -2.701   -76.814    -2.199    56.637
TDC     62   116.573   -11.416   -90.809    -4.594   143.316
TDC     63   118.480   -15.603   -82.395    -2.371    50.732
TDC     73  -199.464    -7.283   143.026  -103.676   151.965
TDC     75    63.190    -7.434   -76.485     2.349    46.149
TDC     77    26.211    -5.345   -73.523   -18.007   136.233
TDC     89    30.262    -4.613   -53.305    -0.089    43.979
TDC     92    39.769    -9.924   -48.214    -0.509     0.000
TDC     93     6.138    -6.645   -69.830    -7.878    93.842
TDC     96   140.922    -8.339   -46.379   -91.944    80.200
TDC     97   131.298    -6.891   -32.780  -106.634   116.509
TDC     98    92.849    -9.065   -70.567    -8.280     9.571
TDC     99    49.787    -8.317   -55.757    -1.274     1.736
TDC    100    64.804    -5.202   -62.576    -3.534    51.660
TDC    101    91.425    -4.806  -153.186     6.002    97.248
TDC    102    72.247    -2.677   -59.600    -9.454    56.915
TDC    103    31.666    -4.015   -94.735    -8.343    97.345
TDC     13   140.639    -5.000   -50.047   -93.536   107.534
TDC     14  -185.222    -7.892   124.309  -103.093   192.526
TDC     15   104.833   -10.023   -91.301    -3.411    44.422
TDC     16    71.522    -3.403   -67.929    -3.856    51.897
TDC     17    60.721   -10.663   -67.619    -1.790     0.189
TDC     18    98.845    -7.431  -188.300    33.949    75.097
TDC     19    12.838    -5.954   -73.727   -10.240   125.991
TDC     20   105.051   -12.326   -91.476    -6.658    68.090
TDC     21  -191.915    -6.293   125.102   -90.992   140.238
TDC     22    68.972    -3.102   -71.313    -4.489    71.047
TDC     62   119.902   -12.682   -90.849    -3.916   107.731
TDC     63   114.611   -15.892   -85.232    -1.842    50.402
TDC     73  -200.194    -7.105   142.431  -105.698   157.310
TDC     75    62.835    -6.019   -75.664     1.972    61.177
TDC     77    25.494    -3.704   -75.945   -15.054   138.396
TDC     89    31.244    -4.389   -56.877     1.599    47.493
TDC     92    42.983   -10.283   -50.126     0.380     0.398
TDC     93     7.541    -7.356   -70.152    -7.333    88.372
TDC     96   144.537   -10.465   -43.742   -96.153    64.583
TDC     97   135.627    -5.978   -38.917  -101.608   114.542
TDC     98    86.674    -9.107   -72.698    -5.559     4.756
TDC     99    52.366    -9.142   -53.706    -0.716     0.330
TDC    100    68.514    -5.263   -68.113    -1.982    39.956
TDC    101    80.422    -3.979  -170.722    30.320    79.171
TDC    102    70.193    -1.877   -61.933    -8.988    72.325
TDC    103    31.393    -3.756   -94.829    -9.383   109.170
TDC     13   136.616    -8.717   -50.744   -88.008   105.110
TDC     14  -183.251    -7.558   145.563  -116.614   200.380
TDC     15   104.874    -9.371   -91.657    -6.147    52.653
TDC     16    73.550    -4.040   -69.500    -2.634    36.377
TDC     17    63.461   -10.474   -68.385    -0.734     0.000
TDC     18    99.458    -6.061  -181.075    21.114    86.286
TDC     19    14.308    -6.796   -80.693    -4.056    84.742
TDC     20   109.074   -12.031   -90.037    -5.971    74.894
TDC     21  -190.620    -9.054   125.319   -97.140   155.060
TDC     22    71.367    -2.766   -73.782    -4.234    69.204
TDC     62   116.808   -13.113   -90.197    -4.010   131.034
TDC     63   118.949   -18.127   -82.358    -2.113    49.506
TDC     73  -198.360    -6.031   144.467  -102.443   149.131
TDC     75    62.825    -7.476   -74.921     3.237    52.724
TDC     77    22.583    -5.837   -74.528   -15.369   123.066
TDC     89    40.927    -4.692   -58.043     0.577    45.318
TDC     92    43.246    -9.927   -47.174    -0.196     0.398
TDC     93     8.975    -6.320   -72.288    -7.989    94.852
TDC     96   144.678    -9.412   -43.159   -96.263    60.198
TDC     97   130.004    -6.783   -32.508  -107.832   115.817
TDC     98    84.059   -10.171   -68.640    -6.290     5.454
TDC     99    45.917   -10.049   -52.327    -1.332     1.982
TDC    100    68.090    -6.216   -64.189    -2.934    36.225
TDC    101    82.510    -5.067  -169.409    25.777    82.043
TDC    102    75.301    -2.228   -64.224    -7.037    82.911
TDC    103    31.051    -4.988   -96.827    -7.448   112.106
TDC     13   142.723    -7.775   -58.577   -86.815    97.255
TDC     14  -189.205    -8.722   143.776  -114.424   182.178
TDC     15   103.068    -6.880   -87.180   -10.138    71.560
TDC     16    72.819    -4.715   -66.874    -0.709    28.061
TDC     17    64.745   -12.200   -69.933    -0.425     0.000
TDC     18   100.075    -4.753  -207.870    43.302    70.569
TDC     19    30.480    -6.703   -90.885   -10.091    99.403
TDC     20   101.957   -11.989   -89.844    -6.360    75.814
TDC     21  -197.043    -8.679   136.199   -97.465   166.127
TDC     22    71.133    -3.166   -73.728    -4.766    59.666
TDC     62   116.024   -11.080   -90.416    -5.071   136.092
TDC     63   114.724   -17.819   -82.316    -2.435    37.494
TDC     73  -199.092    -7.891   141.368  -103.667   166.011
TDC     75    60.392    -7.250   -75.298     2.925    58.151
TDC     77    18.338    -4.820   -71.747   -16.893   136.269
TDC     89    37.269    -5.075   -57.389     0.849    49.450
TDC     92    43.508   -10.774   -47.023     0.431     0.000
TDC     93    13.088    -7.846   -79.835    -3.335    71.857
TDC     96   142.352    -9.593   -51.930   -86.487    47.527
TDC     97   131.567    -7.253   -29.711  -109.785   112.522
TDC     98    86.248    -8.630   -70.679    -5.779     6.533
TDC     99    45.477   -10.723   -51.107    -2.409     2.945
TDC    100    65.192    -5.350   -66.311    -2.955    42.942
TDC    101    84.386    -1.605  -171.410    30.233    82.977
TDC    102    71.077    -1.377   -66.496    -6.195    90.488
TDC    103    24.512    -3.693   -94.405    -7.324   108.221
TDC     13   139.914    -7.213   -50.093   -88.135    98.470
TDC     14  -184.486    -6.534   127.043  -106.498   228.467
TDC     15   104.458    -9.017   -88.407    -7.517    70.774
TDC     16    72.626    -3.945   -68.782    -0.932    33.343
TDC     17    63.240   -11.184   -69.310    -0.901     0.000
TDC     18    98.436    -6.640  -179.095    21.494    66.392
TDC     19    13.979    -6.697   -81.181    -5.571    98.335
TDC     20    95.469   -10.630   -90.303    -6.252    73.761
TDC     21  -195.003    -7.048   123.701   -90.960   153.751
TDC     22    71.038    -3.236   -73.040    -3.608    74.894
TDC     62   122.398   -13.531   -91.541    -3.524   110.200
TDC     63   112.279   -17.513   -82.508    -3.918    47.393
TDC     73  -203.002    -7.353   132.347   -91.872   126.433
TDC     75    61.954    -5.970   -73.662     2.196    80.035
TDC     77    38.333    -4.708   -87.214   -14.044   141.718
TDC     89    30.575    -3.338   -57.800     0.144    60.245
TDC     92    43.889   -10.979   -47.140    -0.109     0.133
TDC     93     3.698    -7.922   -72.554    -3.426    79.877
TDC     96   143.982    -9.676   -51.955   -87.486    54.538
TDC     97   128.851    -6.153   -39.034   -99.344   122.997
TDC     98    88.997   -10.523   -71.375    -5.552     3.031
TDC     99    47.178    -9.288   -54.075     0.022     0.133
TDC    100    67.336    -4.695   -65.564    -3.257    50.700
TDC    101    79.318    -5.345  -174.752    33.519    57.501
TDC    102    71.248    -2.522   -66.157    -6.246    65.327
TDC    103    14.761    -3.901   -88.150    -3.877    96.674
TDC     13   143.073    -7.432   -55.318   -86.601   104.121
TDC     14  -184.129    -7.318   120.783  -101.041   173.412
TDC     15   108.228    -9.527   -93.736    -2.778    38.991
TDC     16    71.122    -3.561   -68.093    -0.161    33.753
TDC     17    60.508   -10.968   -68.756    -0.777     0.000
TDC     18    98.608    -5.502  -180.276    19.597    91.177
TDC     19    28.727    -5.618   -93.262    -8.925   106.566
TDC     20   101.483   -11.478   -89.650    -6.483    73.012
TDC     21  -191.686    -8.474   127.296   -94.012   155.502
TDC     22    72.304    -3.224   -73.173    -3.885    64.979
TDC     62   119.990   -12.434   -88.668    -4.766   121.699
TDC     63   114.870   -15.961   -82.851    -2.265    37.879
TDC     73  -207.037    -8.302   141.317   -97.262   146.032
TDC     75    66.550    -7.377   -75.718     2.924    59.537
TDC     77    21.590    -5.341   -75.863   -14.666   125.534
TDC     89    30.034    -5.747   -49.752    -0.967    69.544
TDC     92    43.248    -9.837   -46.459    -0.103     0.000
TDC     93     3.369    -6.671   -74.355    -4.847    89.457
TDC     96   148.084    -8.475   -54.819   -86.961    45.851
TDC     97   132.975    -7.585   -32.836  -106.469   103.163
TDC     98    88.200   -10.729   -71.488    -6.777     4.889
TDC     99    46.381   -11.145   -53.190    -0.608     0.165
TDC    100    70.064    -6.299   -67.257    -2.717    39.211
TDC    101    85.952    -4.695  -171.708    27.433    77.420
TDC    102    69.757    -2.355   -66.187    -5.813    68.282
TDC    103    25.874    -4.573   -98.875    -4.755   111.603
TDC     13   140.126    -8.624   -64.259   -75.879    92.288
TDC     14  -182.840    -7.657   129.279  -107.646   181.703
TDC     15   104.801   -10.638   -89.135    -6.568    38.925
TDC     16    74.999    -4.094   -70.619    -0.775    33.716
TDC     17    65.862   -10.570   -73.008    -1.109     0.000
TDC     18    98.921    -7.775  -184.820    32.329    46.840
TDC     19    13.655    -5.899   -77.192    -8.529   112.070
TDC     20   101.324   -11.370   -90.157    -6.483    79.725
TDC     21  -191.571    -7.554   126.418   -97.589   150.446
TDC     22    72.515    -2.731   -74.883    -4.665    76.457
TDC     62   122.701   -13.842   -88.894    -4.498   113.036
TDC     63   113.034   -16.768   -81.260    -2.069    17.413
TDC     73  -200.412    -7.061   139.370   -99.130   169.406
TDC     75    63.186    -7.500   -71.670     2.069    59.092
TDC     77    26.699    -4.899   -74.743   -17.478   138.918
TDC     89    35.505    -5.230   -56.871     1.140    50.070
TDC     92    41.227   -10.890   -48.605     0.278     0.398
TDC     93     5.422    -7.409   -70.136    -7.279    96.249
TDC     96   143.869   -10.863   -41.497   -95.037    43.067
TDC     97   125.539    -8.565   -33.626  -102.909   106.059
TDC     98    82.943    -9.055   -71.303    -6.636     4.883
TDC     99    50.530    -9.579   -56.600     0.631     0.165
TDC    100    70.132    -4.520   -60.933    -3.706    44.697
TDC    101    89.621    -2.375  -172.000    23.931    93.093
TDC    102    71.366    -2.146   -63.564    -7.879    79.456
TDC    103    11.880    -3.663   -91.842    -2.914   100.388
